50 50
94018 28548 31229 87223 40723 11452 99478 18876 26473 29054 86150 24424 34178 1573 6478 41864 68383 60752 10353 30861 86600 73987 14936 88589 42598 77827 77199 48704 85768 44702 33829 44291 79999 46305 90928 67512 28129 21279 47879 2692 50409 87409 83462 18256 48629 70513 35821 87433 44519 74045 50
2 12
27 24
40 17
50 25
24 4
40 36
42 31
46 38
12 18
49 41
4 49
24 16
22 7
49 47
15 19
5 21
46 50
35 32
11 4
29 40
19 45
41 32
31 44
23 24
31 6
16 2
14 34
38 16
26 50
15 33
5 15
14 5
7 42
12 35
23 31
41 16
6 32
8 12
2 48
22 28
11 40
22 18
41 37
43 4
17 3
17 41
20 35
38 29
8 36
28 43
