1000 50
1 1 1 1 1 1 1 1 1 1 1 1 1 1 1 1 1 1 1 1 1 1 1 1 1 1 1 1 1 1 1 1 1 1 1 1 1 1 1 1 1 1 1 1 1 1 1 1 1 1 10000
602 12
277 24
890 17
250 25
124 4
690 36
342 31
146 38
862 18
149 41
954 49
24 16
72 7
599 47
15 19
205 21
796 50
585 32
911 4
979 40
219 45
691 32
81 44
723 24
581 6
416 2
64 34
588 16
676 50
815 33
355 15
714 5
657 42
562 35
773 31
891 16
756 32
858 12
102 48
722 28
711 40
872 18
191 37
343 4
267 3
917 41
970 35
388 29
808 36
578 43
382 28
217 12
304 11
800 35
286 27
504 2
627 20
535 19
849 14
577 12
971 18
362 6
514 15
221 7
313 15
1000 4
657 15
350 9
854 30
651 30
855 41
716 42
234 48
285 44
165 18
672 3
670 34
317 39
309 24
284 27
925 19
549 27
230 23
928 41
238 4
885 15
587 10
406 3
722 21
784 49
748 21
630 44
396 44
766 44
250 33
953 50
203 36
535 14
934 41
537 36
64 22
493 10
849 37
454 16
405 10
954 36
581 38
858 33
291 6
333 18
497 46
381 47
755 49
888 50
144 15
608 47
29 22
228 16
866 48
125 19
763 18
410 14
72 16
516 18
541 20
394 8
139 25
935 17
589 9
191 24
516 16
502 26
212 45
648 50
924 14
122 2
978 47
288 28
597 20
213 11
817 37
702 34
223 41
727 38
402 16
516 44
618 2
769 26
389 26
907 42
777 9
733 10
844 35
316 32
252 3
475 19
143 37
592 26
5 27
901 10
800 6
168 2
835 49
619 12
416 23
229 14
992 45
270 46
16 1
47 50
14 4
760 11
584 19
704 26
573 37
10 46
129 47
274 43
598 28
563 48
766 38
892 23
546 22
718 16
782 15
440 19
26 50
436 29
274 36
175 29
575 11
748 30
21 35
610 2
363 24
218 18
286 49
898 46
469 16
148 32
246 18
327 10
736 27
493 50
39 40
612 28
324 48
989 15
690 4
712 9
994 36
870 41
176 43
445 49
875 49
840 27
505 25
965 47
833 45
509 24
983 13
111 37
539 41
997 35
778 9
949 2
372 40
937 40
380 35
256 12
852 4
595 42
318 42
368 49
123 43
979 43
664 40
816 35
364 16
418 40
908 36
608 35
656 28
914 25
259 39
136 32
382 27
795 45
237 43
202 40
16 37
575 48
828 12
840 47
352 27
246 6
937 29
977 37
742 50
961 28
580 20
319 23
819 37
370 6
903 34
835 22
56 42
977 18
626 12
21 47
478 43
648 45
71 31
624 27
646 39
711 48
751 6
180 26
186 34
911 48
346 48
801 4
137 35
106 30
410 3
273 13
246 15
384 49
528 43
830 24
697 50
475 28
892 13
263 22
731 34
963 28
632 30
46 25
325 20
609 26
509 34
252 1
8 35
799 13
523 43
465 40
278 41
941 6
996 11
96 19
534 27
533 50
552 43
369 30
803 43
430 48
753 12
252 46
309 21
276 5
88 47
411 19
621 30
229 18
326 4
280 17
628 3
300 7
731 9
322 42
147 41
762 14
912 29
227 9
635 36
983 32
208 40
604 20
294 22
276 13
394 38
990 33
140 34
571 43
519 20
889 32
781 43
644 29
146 13
384 20
4 11
584 33
538 31
682 37
354 40
313 23
448 30
890 6
14 35
255 6
862 15
647 47
354 35
804 14
45 39
963 32
488 30
504 42
870 36
247 39
767 32
412 8
289 16
340 36
842 8
946 37
472 30
611 5
73 27
634 29
771 14
629 1
741 15
525 41
468 29
426 5
679 31
733 42
596 6
845 41
753 6
99 43
611 4
277 25
314 6
750 29
83 24
772 23
389 3
9 16
469 45
972 11
698 1
853 35
185 27
172 28
634 8
98 26
153 34
294 21
990 40
17 22
157 15
490 14
279 49
716 22
567 1
811 49
38 20
411 11
936 10
809 32
909 26
135 30
769 28
756 9
964 39
898 24
58 46
167 14
539 47
356 24
180 13
761 12
101 24
631 31
450 11
620 11
546 30
107 50
475 8
17 24
836 49
185 6
521 6
313 15
50 37
219 39
388 18
413 18
622 1
249 26
438 13
374 41
482 24
813 33
559 26
668 35
574 48
687 49
34 17
458 48
211 24
944 13
45 22
791 45
106 27
258 2
860 41
150 39
260 19
765 9
862 5
974 14
978 32
491 30
341 1
481 29
910 29
187 30
153 3
176 3
239 41
705 3
796 13
428 4
48 10
171 42
79 48
886 30
809 40
613 7
10 21
38 35
955 50
557 41
439 38
431 4
671 25
878 42
783 13
16 40
670 37
160 3
490 44
860 15
658 41
621 50
66 2
26 38
387 40
21 16
976 46
68 18
177 29
769 50
764 47
187 27
215 1
971 17
688 35
328 9
653 7
523 5
540 18
484 38
588 11
323 24
202 3
215 24
966 26
203 45
411 2
708 21
826 37
828 3
751 39
602 1
619 24
32 43
408 33
596 29
24 39
199 33
215 19
273 32
620 3
811 23
548 29
171 30
87 3
588 36
385 43
371 40
362 1
915 25
199 18
258 45
479 47
58 1
694 49
185 15
957 28
881 47
160 40
288 6
663 43
385 37
789 25
426 18
332 50
820 31
624 29
382 18
623 18
746 8
807 48
39 14
104 26
133 29
198 16
108 11
176 13
501 3
140 42
63 43
889 22
340 6
203 39
593 27
698 30
106 12
835 21
947 3
21 37
912 34
478 25
782 2
92 20
463 18
540 45
747 3
791 24
321 32
640 27
10 26
703 17
47 31
337 23
630 6
597 21
369 17
584 5
214 32
178 9
192 23
751 26
588 4
512 38
173 11
791 9
417 44
526 26
978 40
449 45
974 16
255 13
240 50
5 24
244 29
411 38
606 44
381 31
788 6
699 30
16 50
833 43
711 33
744 20
436 45
163 40
814 22
187 50
501 9
956 18
25 11
501 22
851 29
868 4
378 34
136 21
440 40
741 16
811 29
948 9
548 13
816 2
643 46
521 37
737 25
917 3
676 5
258 50
151 15
502 8
679 2
967 42
319 8
411 31
253 28
546 11
715 47
190 34
102 12
74 38
955 49
560 8
149 38
121 24
472 35
82 16
114 38
729 9
812 4
324 40
637 46
354 43
319 11
439 38
672 30
517 35
899 11
670 31
556 32
251 2
128 31
912 26
731 45
917 38
783 6
463 49
811 13
716 2
498 19
779 22
328 13
722 22
481 39
206 9
802 39
343 48
422 39
336 11
130 42
667 45
257 32
860 45
24 42
33 34
947 25
944 39
943 38
601 12
790 8
168 42
158 16
972 31
874 18
219 50
655 9
84 45
96 27
579 13
91 13
1000 1
666 24
816 32
707 30
947 8
569 2
412 36
96 44
405 26
92 23
376 37
371 22
646 15
14 32
364 17
565 23
577 10
24 25
666 45
30 33
759 26
882 26
875 2
825 43
855 13
301 50
159 42
333 18
99 14
659 9
520 29
492 48
973 38
540 3
583 26
815 37
245 16
513 7
436 25
519 17
772 43
436 23
113 24
765 22
635 6
933 21
790 16
98 46
667 23
998 30
285 20
246 13
13 1
367 46
479 4
20 45
603 45
9 25
260 3
852 22
188 41
814 24
366 33
430 37
307 15
582 36
550 26
788 45
664 38
258 48
940 19
335 12
164 13
796 31
386 46
208 41
272 6
373 36
665 24
952 35
669 3
636 46
681 14
960 12
429 31
557 24
260 32
345 8
63 21
110 45
658 12
579 11
678 39
610 27
54 21
441 20
826 38
161 12
758 1
106 27
900 25
669 31
142 33
200 15
781 49
830 47
13 4
684 24
542 31
525 23
861 39
471 3
648 40
332 29
350 17
890 16
901 24
708 35
202 1
142 42
213 12
260 6
786 29
644 33
304 13
135 14
110 37
940 2
705 5
6 47
672 2
129 43
233 32
704 18
624 9
450 12
407 43
921 3
808 48
778 23
637 11
911 9
121 1
80 29
757 16
229 28
492 1
638 33
38 39
868 43
849 3
845 45
115 39
611 18
74 35
645 7
156 27
869 4
623 13
353 43
882 32
963 32
10 31
217 50
871 23
53 17
228 38
773 21
290 24
276 45
141 33
704 28
477 32
154 5
919 30
337 23
906 35
71 21
323 2
810 1
297 20
100 50
257 50
44 39
339 10
3 29
739 9
296 19
625 31
509 1
497 44
711 29
84 25
697 23
573 46
938 13
773 19
18 8
592 43
961 40
526 46
553 43
843 11
79 11
767 30
166 29
398 20
243 44
616 41
954 9
147 50
592 27
436 34
694 46
66 5
629 48
227 18
420 25
301 7
332 38
215 35
885 15
853 13
718 35
823 48
497 15
362 43
444 16
645 33
609 18
166 46
950 5
707 43
86 12
521 10
167 31
753 19
10 22
910 2
255 2
552 38
774 18
99 8
190 35
553 19
625 21
388 46
118 26
933 17
943 44
256 34
576 38
69 24
902 4
929 30
390 33
27 49
89 43
711 18
679 29
454 23
432 48
980 50
36 28
265 28
181 47
225 48
832 15
444 32
728 49
406 42
59 16
88 20
51 2
469 6
149 4
438 11
893 35
711 20
937 11
655 6
298 48
300 9
206 5
37 37
88 29
182 29
222 42
216 20
682 31
566 27
882 4
760 46
721 30
700 45
299 43
992 29
301 44
290 42
138 11
288 43
951 20
304 7
776 26
25 27
704 8
680 31
470 26
605 38
378 20
19 43
700 45
115 3
982 11
281 6
869 7
806 18
268 46
460 42
776 44
101 35
917 46
13 17
455 34
19 37
66 26
460 6
955 50
136 33
565 1
867 12
877 20
797 17
334 20
123 25
662 11
564 23
391 32
4 35
255 5
476 44
984 44
328 19
177 22
184 25
947 9
751 40
564 32
879 21
944 48
572 29
923 2
980 44
336 27
605 37
301 30
271 38
797 24
118 33
300 33
505 12
271 8
198 11
434 27
412 14
327 14
559 34
406 29
247 30
847 31
649 26
258 33
684 18
479 19
862 47
990 42
325 50
313 4
623 18
325 18
602 18
541 33
772 24
303 2
940 9
396 44
879 29
492 28
308 6
400 50
200 3
447 18
731 19
49 11
337 3
983 34
435 44
249 16
883 26
214 45
291 46
40 23
375 32
45 28
462 2
39 29
797 39
405 27
852 39
544 32
783 2
879 5
94 44
363 45
845 45
11 1
157 30
354 20
801 15
476 13
234 22
181 42
332 13
594 9
814 8
389 6
422 16
933 35
771 15
620 27
953 5
223 23
857 34
610 42
334 1
825 25
144 47
728 34
165 30
52 11
379 36
952 25
776 39
153 24
826 32
90 50
767 26
441 47
79 5
152 47
12 19
869 24
97 26
26 25
520 33
862 18
490 40
546 23
188 31
956 46
508 31
559 6
280 23
490 26
375 8
309 39
742 49
207 30
348 27
298 1
350 28
461 40
140 12
9 40
642 14
645 31
240 12
707 17
931 19
240 1
137 4
743 28
889 4
359 37
649 44
369 20
366 44
19 7
128 7
887 34
746 40
828 12
926 10
644 3
672 18
173 22
206 47
696 2
414 48
717 24
904 28
861 36
720 34
879 12
477 47
19 41
653 33
490 29
111 32
652 2
599 40
824 23
325 3
584 43
566 27
386 31
170 2
384 3
524 49
585 32
238 40
150 25
314 46
509 42
353 32
650 37
568 24
169 26
175 27
197 40
416 32
5 9
526 42
241 14
563 26
401 43
464 12
14 21
857 15
751 46
702 50
774 48
820 34
473 24
610 44
585 39
21 18
86 21
748 31
385 10
460 38
688 23
773 23
797 42
563 31
48 2
734 49
721 1
802 37
774 30
536 30
547 47
603 39
325 21
820 5
214 47
247 15
341 41
644 15
507 6
830 13
446 30
887 47
369 23
346 24
114 2
744 1
675 15
780 47
507 47
679 24
850 17
284 42
232 34
277 33
246 16
780 1
587 2
755 28
976 7
853 41
85 45
602 42
354 37
983 13
334 24
956 20
236 41
956 33
281 14
784 31
104 16
252 45
486 17
321 42
29 35
610 4
453 10
31 22
967 9
900 28
889 17
163 37
660 50
886 13
1 17
758 14
104 8
695 22
23 12
185 39
505 16
553 4
812 29
901 33
610 27
420 43
809 42
308 13
227 20
258 28
671 18
558 23
758 33
500 26
550 3
580 31
395 42
410 48
833 34
22 44
35 24
582 1
511 43
328 45
144 43
528 24
251 26
232 24
170 42
330 35
356 13
344 7
363 11
901 50
460 1
722 13
787 19
242 3
12 20
21 35
187 50
609 3
461 41
620 13
549 35
924 45
128 6
79 38
873 3
147 44
38 21
47 34
240 37
344 28
199 38
670 7
796 37
540 39
926 31
259 38
422 12
55 50
546 14
256 4
965 44
739 37
437 3
167 48
749 24
457 40
201 12
616 48
572 29
441 18
661 33
324 4
581 40
309 2
27 8
780 37
240 22
669 26
628 49
489 20
431 20
963 24
224 23
212 9
578 37
184 11
218 31
255 14
978 50
853 4
833 7
546 20
1 32
842 43
248 8
373 6
999 44
697 12
550 49
179 30
382 35
122 46
533 50
12 8
686 18
991 26
678 24
874 39
648 34
705 14
178 24
572 24
702 2
896 8
818 42
756 12
416 9
422 41
623 13
724 43
272 10
3 47
506 10
156 5
6 46
466 28
987 37
797 25
147 21
945 29
188 35
472 23
97 24
324 17
631 16
22 2
512 39
26 16
819 24
280 27
970 19
757 18
802 21
176 8
335 5
285 36
13 36
13 45
768 15
836 15
653 11
218 33
967 36
411 9
131 47
735 9
172 14
466 4
927 22
221 1
632 8
347 23
972 36
821 47
341 30
559 29
961 9
257 22
115 21
14 30
617 33
944 43
860 33
298 12
787 4
429 26
64 28
636 32
25 8
151 16
376 41
380 46
836 25
257 5
934 38
196 42
933 31
603 20
138 27
268 9
45 20
254 4
302 41
886 22
228 46
620 33
794 7
779 11
181 33
324 3
71 20
787 39
31 37
57 46
407 43
936 8
109 40
986 20
106 9
611 20
382 50
66 21
410 8
932 48
4 35
993 13
639 40
845 33
1000 21
424 24
506 10
7 43
883 37
913 34
821 39
178 12
942 7
995 49
264 17
728 17
833 26
481 47
668 42
1 28
143 42
490 39
947 39
864 26
807 23
977 6
806 31
451 6
324 7
390 50
876 23
750 46
797 23
154 20
784 43
88 14
660 31
719 4
403 31
683 18
474 22
524 13
229 28
303 23
216 2
972 12
639 43
510 50
279 50
198 47
98 19
737 21
320 4
469 28
872 30
312 29
835 46
217 44
898 41
157 44
755 42
483 26
352 48
96 46
943 21
596 44
155 10
427 14
113 42
622 30
524 49
775 32
522 43
32 25
925 32
429 29
308 47
293 38
719 7
789 18
341 17
77 47
458 21
601 3
937 9
617 3
911 26
481 32
464 33
2 20
847 3
391 7
483 45
41 44
540 33
812 23
498 23
639 20
46 15
784 49
391 1
630 15
775 46
845 8
620 41
174 20
159 24
316 20
352 17
575 25
136 36
301 33
13 31
12 36
34 38
394 15
476 27
773 36
718 23
699 19
6 45
924 42
62 46
442 22
124 6
360 36
674 22
832 32
478 13
740 26
363 46
934 9
783 18
71 35
619 29
236 14
190 14
620 50
114 24
980 38
941 48
955 39
394 50
630 48
702 32
653 30
627 14
876 27
296 12
587 44
182 17
559 24
373 28
830 30
517 32
391 41
149 9
888 47
928 17
558 31
627 43
665 49
385 15
372 18
199 5
601 10
832 6
820 11
865 41
3 31
38 21
36 47
364 28
351 24
493 25
928 11
863 26
622 40
317 31
983 12
164 7
394 32
447 11
483 47
716 29
554 40
725 36
36 46
408 19
753 12
608 32
196 45
153 29
159 35
999 28
972 45
520 28
597 36
341 28
892 1
22 4
92 29
603 17
470 12
931 21
485 19
985 15
211 1
602 15
577 32
288 19
771 31
522 4
977 50
458 43
240 44
861 4
103 18
135 28
251 39
580 19
547 9
152 28
404 5
160 49
278 42
767 25
189 8
434 34
785 35
580 26
662 26
107 12
397 34
929 20
1 3
660 7
835 48
622 24
895 6
53 35
965 27
100 20
296 20
593 42
666 38
101 26
334 11
487 40
341 40
513 23
802 39
953 1
918 47
2 22
836 25
832 9
710 11
863 20
142 12
581 12
278 21
924 14
937 12
801 41
895 36
272 45
269 19
677 32
707 28
12 16
300 36
474 26
665 32
993 27
30 8
792 41
132 34
369 34
510 10
730 21
508 6
212 26
362 29
319 40
962 39
36 12
998 14
41 5
359 4
905 41
745 23
329 38
548 26
957 45
845 43
760 14
562 13
511 26
434 50
7 9
755 35
563 19
354 18
959 6
103 37
615 10
830 12
305 19
295 41
86 21
918 33
469 24
396 26
57 41
780 35
758 41
751 13
751 46
760 50
531 21
81 14
140 4
773 45
255 32
851 43
190 42
897 45
897 13
239 15
272 46
640 50
91 2
324 41
683 27
553 30
734 27
749 37
974 42
270 10
803 12
906 36
788 45
263 24
378 15
948 48
534 5
870 15
574 10
485 34
748 24
276 10
206 47
12 13
247 13
97 8
773 12
787 22
721 11
743 8
162 1
396 34
890 45
855 17
535 22
831 6
332 44
793 21
725 27
645 10
38 5
183 7
621 16
975 27
36 31
153 1
800 29
598 26
956 17
570 15
47 30
644 9
761 16
344 34
370 29
736 24
692 31
807 27
932 49
421 32
293 9
670 12
228 8
194 6
117 9
751 17
189 9
474 26
646 20
834 41
302 14
37 1
976 13
721 40
761 33
813 34
964 31
949 27
199 32
777 24
124 5
350 45
969 2
811 4
904 42
726 1
71 5
29 37
633 23
901 14
668 34
679 17
737 37
638 45
272 25
90 33
761 31
303 12
843 31
807 22
96 21
764 32
47 28
631 6
914 14
508 37
694 37
579 17
557 44
289 7
623 29
613 38
604 16
579 39
900 26
756 47
911 15
444 28
333 1
507 3
568 45
13 42
549 3
954 23
191 25
14 33
36 6
402 1
206 43
873 20
218 46
948 20
20 1
95 7
426 29
466 38
429 34
872 9
51 11
171 17
863 16
254 1
903 28
650 18
541 38
482 48
95 29
646 48
928 32
964 13
940 3
362 44
72 35
638 19
951 2
838 28
6 22
632 34
249 12
187 30
859 14
716 13
779 36
891 13
897 9
147 46
261 49
981 19
201 17
381 37
426 1
596 13
267 37
716 21
145 34
599 28
808 44
265 49
916 2
25 32
681 13
92 37
813 5
706 33
384 29
623 23
59 47
363 26
718 27
347 12
247 28
614 2
562 22
776 35
924 26
578 1
479 37
592 38
442 8
194 22
318 3
35 41
569 4
669 11
719 47
76 35
556 35
686 46
275 24
889 44
666 37
525 22
308 24
78 4
870 17
643 12
690 33
298 40
559 41
194 41
62 16
327 41
415 2
585 35
538 47
413 42
279 28
611 48
414 6
790 21
687 34
303 1
772 6
59 50
82 46
760 3
580 31
724 33
104 11
382 12
935 33
875 49
241 30
154 18
527 41
360 13
648 13
93 12
740 5
774 39
340 23
633 33
160 22
211 49
439 21
773 37
619 32
331 17
274 47
652 46
550 6
53 5
894 45
662 1
867 18
379 3
820 5
220 39
490 5
573 29
653 33
991 8
373 6
709 28
521 43
416 17
940 10
340 8
843 49
544 19
136 1
674 44
394 23
569 14
139 38
233 22
848 9
107 8
253 23
738 38
806 43
502 29
727 49
861 13
686 33
109 16
387 49
172 24
766 27
224 22
505 38
895 45
402 5
377 2
979 39
233 43
754 29
343 6
969 23
824 32
495 47
509 10
117 29
224 30
505 18
426 43
190 14
768 36
787 11
577 36
760 13
426 26
348 40
314 28
841 37
942 3
654 48
726 3
852 19
206 40
386 30
358 25
18 22
707 5
457 40
163 42
722 27
125 46
452 31
79 39
584 13
598 10
988 33
754 37
290 4
102 39
249 35
292 14
203 43
168 23
422 29
696 37
76 6
538 5
914 40
270 45
708 30
808 6
688 8
488 8
830 46
465 18
647 32
725 44
147 21
79 17
65 4
263 36
691 43
338 32
999 9
432 5
551 25
812 16
554 49
64 19
673 25
310 15
82 26
856 36
641 28
376 41
810 10
57 1
920 34
916 47
730 19
436 37
600 14
675 10
866 17
98 46
721 20
149 24
180 3
981 31
149 6
404 11
546 30
268 1
940 43
241 16
115 30
450 47
608 41
532 47
337 9
471 38
464 18
711 42
573 1
532 41
48 37
874 30
247 30
778 6
6 36
351 42
26 12
362 8
869 11
375 3
566 37
438 34
166 19
954 41
435 34
853 50
800 13
818 48
779 48
610 28
735 20
472 32
104 9
653 27
473 27
252 28
249 37
127 38
249 21
456 15
936 18
769 9
231 37
709 18
926 28
532 40
125 14
507 38
539 37
762 12
843 37
308 10
722 50
714 50
955 3
984 6
395 39
511 10
517 7
98 1
582 37
329 21
98 22
72 8
230 26
745 22
732 1
158 47
698 15
720 16
395 2
851 8
588 38
39 26
80 11
985 42
741 38
600 23
53 31
416 43
6 47
570 23
18 30
698 43
456 50
336 5
681 18
760 15
875 39
738 46
586 44
450 36
962 15
489 28
558 34
170 44
484 2
326 3
535 9
200 13
44 3
338 32
549 27
807 6
833 32
726 10
746 49
149 14
677 19
36 33
854 29
462 11
873 32
372 27
842 28
145 9
478 45
190 33
600 32
848 3
525 8
293 14
472 44
675 5
327 21
17 43
492 8
180 3
340 42
612 26
403 1
892 6
447 27
925 45
337 36
475 7
623 6
111 37
340 6
835 27
951 31
993 12
744 18
789 12
486 6
438 17
555 19
833 44
558 35
558 27
760 15
577 19
904 6
346 47
791 15
53 42
677 45
707 22
594 43
784 10
677 50
523 15
113 10
408 1
323 39
313 1
781 23
305 1
694 38
704 35
944 31
370 45
137 37
383 16
738 33
285 24
971 13
401 29
141 30
546 5
30 38
438 15
257 32
787 47
987 11
728 12
831 24
441 5
731 36
406 19
785 34
356 47
663 20
338 50
711 47
486 38
568 21
958 9
611 30
383 28
151 18
706 45
589 42
186 48
324 47
319 9
118 44
605 27
970 39
774 16
632 43
612 48
112 20
288 18
291 3
390 28
768 7
166 35
625 39
941 22
955 10
890 20
490 45
113 42
458 30
995 50
871 10
100 30
718 25
620 49
906 9
567 31
656 33
261 49
59 30
98 4
672 10
655 1
219 30
543 19
889 3
427 36
932 21
191 22
66 25
347 30
78 11
106 23
854 6
246 22
651 7
346 13
844 40
911 11
867 21
696 3
102 45
437 46
359 23
604 42
501 10
683 46
137 8
952 46
34 44
145 22
897 8
596 21
750 20
136 12
641 39
826 11
217 25
698 9
377 24
163 41
534 15
766 46
562 44
191 34
276 28
663 43
966 18
584 24
534 32
828 50
549 5
751 10
843 50
464 40
769 24
268 34
581 11
211 48
778 18
425 12
877 7
710 8
393 50
495 43
4 22
163 6
152 45
638 7
651 20
385 31
567 40
32 29
482 24
651 44
671 14
445 50
956 4
120 1
746 20
768 5
400 15
75 1
945 35
639 7
161 39
420 7
27 44
534 15
598 50
92 26
747 32
692 11
9 34
245 17
970 9
547 2
35 30
598 35
176 1
403 50
453 42
842 24
430 1
526 13
176 38
168 5
462 13
53 40
309 44
867 27
120 49
40 12
132 15
987 48
693 36
145 17
568 25
249 10
23 6
64 33
904 47
694 46
646 12
128 5
638 41
852 17
708 24
911 48
436 49
74 5
297 3
153 4
457 47
755 39
662 45
157 31
695 11
487 50
989 39
573 2
974 47
351 31
758 2
417 28
145 34
772 43
114 14
459 31
808 49
847 47
787 6
92 27
155 16
602 5
650 28
836 8
293 35
612 48
230 21
109 25
189 48
480 4
34 26
688 9
477 29
397 32
767 18
901 26
374 1
622 25
309 50
830 49
273 45
819 37
269 21
843 24
783 21
926 18
137 6
151 27
137 43
14 9
377 20
136 3
599 25
54 29
790 18
466 23
60 5
101 40
674 41
444 39
119 21
830 48
165 6
808 47
378 50
865 18
593 38
494 20
903 14
583 7
958 42
808 12
621 48
769 37
893 15
639 34
102 34
913 41
72 38
731 15
122 30
990 23
271 42
894 42
180 4
323 6
148 6
104 4
668 3
383 1
335 31
876 38
346 13
341 49
609 37
744 28
425 25
901 29
732 45
432 21
992 2
793 20
488 25
379 49
529 18
560 4
502 8
227 34
773 20
980 22
368 37
688 33
365 9
111 19
7 18
772 25
130 49
529 31
18 36
896 26
877 48
787 18
4 25
252 44
231 2
526 3
526 18
258 26
824 48
995 9
296 11
339 20
523 29
179 11
427 47
831 33
495 29
672 3
593 40
16 10
198 1
625 5
186 34
391 6
561 32
649 12
239 14
804 42
553 36
320 34
770 48
273 41
895 39
511 45
739 8
150 5
980 5
479 2
820 39
229 9
329 14
961 40
925 4
415 11
582 35
95 4
111 48
44 41
6 15
776 10
100 41
302 8
656 10
551 2
468 11
238 13
822 43
468 11
233 43
356 2
361 35
656 40
683 14
434 23
50 38
348 49
995 5
737 25
314 2
305 32
531 3
129 37
474 27
265 14
275 14
308 13
99 25
379 28
740 22
915 7
509 50
458 35
264 22
254 38
51 9
486 5
551 5
70 16
476 14
960 2
787 46
398 2
434 32
345 13
900 4
85 23
806 35
746 46
748 34
125 4
858 32
861 5
122 2
598 6
452 37
97 30
218 50
386 10
824 15
569 11
98 19
146 20
558 33
277 2
157 47
150 20
695 47
150 34
924 1
176 21
323 44
85 25
615 13
128 42
324 37
307 50
743 38
777 33
260 20
25 18
901 32
377 20
898 15
649 39
91 46
316 16
784 6
859 14
978 38
177 48
135 48
503 4
49 3
714 27
960 48
384 8
556 23
407 50
979 22
182 11
297 7
754 50
787 26
51 26
635 14
164 41
663 22
774 49
730 5
741 42
130 26
762 1
168 48
319 49
83 34
486 7
69 50
27 44
548 36
509 41
827 41
529 30
862 44
823 43
953 10
595 18
506 42
29 48
539 22
249 42
521 11
328 48
703 4
158 21
796 50
330 42
408 27
504 35
163 9
730 13
223 50
571 6
945 6
3 19
268 30
110 3
293 15
517 7
184 36
131 16
266 17
400 17
909 27
554 4
95 15
647 13
595 34
389 30
654 43
835 50
435 26
653 6
192 46
147 7
407 14
842 24
446 31
106 30
967 30
6 1
680 30
519 30
389 21
825 41
753 48
541 42
440 21
158 44
649 31
732 50
620 11
868 43
816 32
829 50
544 6
156 45
104 35
73 34
389 13
224 44
523 41
601 14
740 36
473 49
896 28
663 38
271 48
399 42
729 2
546 30
366 19
180 43
647 33
645 17
619 8
633 3
322 36
32 12
614 36
814 34
229 8
220 24
57 39
453 39
383 35
170 16
772 16
615 3
19 38
316 5
368 21
172 22
792 28
737 30
966 50
6 46
88 39
836 47
496 50
758 30
133 47
228 23
967 13
372 38
70 36
996 10
523 15
666 17
636 48
868 7
621 49
464 29
930 43
413 41
983 12
304 4
216 41
49 17
496 13
979 26
214 10
927 14
444 50
729 17
919 34
778 25
426 39
444 35
338 10
377 26
483 13
221 20
329 33
263 34
512 37
804 39
398 9
956 4
19 32
339 33
672 3
17 38
821 13
243 8
584 40
136 5
917 25
820 14
289 32
480 42
774 39
168 27
755 29
476 8
185 50
112 14
599 31
755 32
518 9
108 6
269 23
432 15
630 20
245 20
263 15
715 21
971 49
214 20
343 14
621 17
629 45
870 4
916 40
256 47
909 36
495 49
952 42
827 10
53 40
1 25
500 10
97 39
117 38
982 22
217 15
385 44
631 34
791 43
479 33
54 33
859 22
300 45
97 31
584 28
370 31
487 38
766 11
776 35
470 41
808 32
257 19
503 31
887 28
754 32
473 3
31 7
431 31
299 3
120 19
63 48
134 26
519 13
471 1
402 39
533 10
469 42
775 10
240 14
150 20
711 19
65 27
370 38
841 40
237 46
22 34
57 29
712 13
905 10
30 8
934 35
763 13
412 26
260 6
571 31
211 49
286 37
223 8
911 42
690 40
881 38
401 2
93 37
160 41
334 20
948 39
269 40
430 27
757 37
991 48
935 1
286 3
288 35
308 41
191 9
233 22
639 15
787 18
995 23
678 39
565 20
735 15
853 39
544 35
696 42
96 41
311 47
256 35
564 1
654 25
512 46
894 36
456 20
732 7
787 3
355 29
182 44
505 17
480 24
496 5
526 5
335 41
464 9
711 27
106 3
703 36
324 33
697 6
419 22
938 46
558 37
86 29
641 23
297 44
853 2
335 41
262 35
669 44
892 20
413 29
970 9
550 25
474 49
298 16
584 13
663 33
18 34
231 41
871 21
519 17
76 25
291 18
600 43
57 11
258 31
737 20
493 40
884 34
99 37
994 23
775 35
650 26
257 49
438 26
390 10
548 31
926 41
206 46
644 17
827 37
578 48
844 5
666 5
856 5
62 3
192 50
136 23
51 25
435 16
99 49
888 1
999 14
666 43
575 3
267 45
307 20
532 35
949 20
769 19
425 31
3 25
636 37
996 42
387 49
718 3
135 20
189 5
144 8
552 2
831 39
484 11
722 24
585 12
811 5
195 12
50 31
770 32
791 27
770 40
368 23
516 21
129 6
803 36
535 26
744 33
556 22
287 12
615 46
728 48
737 11
566 42
832 17
867 26
919 50
562 19
868 27
564 33
154 20
172 48
597 16
627 21
736 40
380 13
882 5
257 30
948 17
788 24
541 28
327 46
910 8
109 48
999 22
198 45
216 50
407 11
761 19
784 37
346 26
612 22
787 5
588 44
422 43
813 12
32 16
693 29
116 22
442 39
655 7
539 43
581 8
604 25
3 40
351 32
827 45
422 32
635 48
162 31
206 5
343 23
977 9
757 34
431 45
617 25
430 20
826 22
520 21
300 48
83 45
960 40
209 37
2 13
209 19
18 44
804 14
644 20
912 24
792 24
761 16
866 39
483 1
419 37
745 31
998 35
98 24
740 42
86 4
24 23
533 19
580 19
448 27
243 19
318 8
228 4
497 47
221 13
142 8
614 6
481 28
210 30
422 28
506 12
657 21
393 22
247 34
288 24
651 44
900 2
850 15
139 27
375 44
979 17
16 20
67 17
191 30
888 17
937 49
698 34
35 36
28 8
680 50
935 19
12 35
15 27
748 47
893 23
820 23
99 26
216 34
779 23
11 47
841 35
803 33
44 1
810 20
321 27
639 16
904 45
995 47
181 49
461 50
840 46
502 43
845 37
670 40
861 21
117 9
148 5
666 32
137 30
488 20
768 14
388 15
139 43
704 11
293 29
787 30
950 41
367 43
866 18
842 43
386 13
589 13
345 11
536 2
343 5
196 44
498 19
783 45
585 23
172 1
415 48
576 35
638 46
671 15
545 33
516 44
968 39
188 7
360 31
60 35
753 35
310 50
998 9
873 36
344 44
998 5
227 46
756 6
760 16
676 30
906 17
77 9
705 46
577 50
26 24
711 48
588 18
151 3
412 22
665 25
626 39
862 18
506 13
141 5
788 46
80 32
709 37
548 10
276 35
757 3
845 21
215 7
953 36
894 20
364 38
383 33
94 30
349 27
75 44
13 18
427 42
514 43
914 11
97 37
145 32
198 14
211 42
238 3
873 31
723 13
751 4
915 20
421 33
513 36
806 17
19 34
92 50
746 2
938 29
421 19
545 15
614 29
452 9
787 23
507 27
110 32
124 7
854 6
61 43
940 10
204 27
679 36
135 19
632 44
548 44
39 35
842 13
244 36
22 37
782 21
608 38
536 48
443 14
623 46
336 14
741 37
619 19
681 44
269 48
949 30
272 1
503 31
543 23
840 32
339 9
152 49
606 49
984 28
628 33
166 13
389 22
981 3
589 49
50 40
677 1
904 42
375 46
933 26
325 29
667 48
370 39
312 14
215 8
350 14
328 10
636 49
717 15
138 27
650 1
905 43
758 50
841 32
360 45
794 37
21 47
452 46
555 26
934 5
474 13
674 40
30 49
375 32
750 49
470 36
504 27
70 44
915 6
657 28
419 31
76 16
144 46
267 15
31 30
746 6
912 35
781 3
278 19
361 3
674 46
209 50
441 24
266 31
817 19
279 31
240 27
725 17
429 33
344 12
5 43
965 41
471 19
774 19
368 39
961 11
313 41
513 37
700 35
907 13
146 35
771 28
15 43
269 34
876 32
900 17
317 16
22 50
121 21
757 9
69 43
64 32
313 12
872 22
849 27
539 40
229 8
885 29
457 47
466 28
174 39
845 46
855 46
197 48
589 44
34 22
972 6
172 6
420 42
117 22
960 34
234 36
618 22
541 3
349 4
254 42
474 19
277 26
252 31
506 14
780 38
894 41
285 9
135 2
168 39
528 29
354 16
606 44
962 35
404 32
579 40
488 20
264 17
844 33
331 31
414 5
124 11
840 29
352 9
480 16
32 43
897 29
38 6
313 3
675 34
625 40
84 36
760 5
216 27
464 45
596 12
871 23
319 22
480 37
334 31
128 49
801 22
673 19
364 38
338 8
831 32
236 9
223 23
791 4
979 39
963 18
495 14
744 16
820 38
198 4
902 26
941 42
477 30
255 24
676 17
177 2
653 29
286 7
948 47
283 5
871 28
60 38
957 11
934 35
443 16
795 50
216 10
625 19
667 27
339 21
871 30
790 38
414 47
589 6
243 6
382 4
566 29
691 41
660 6
474 44
997 37
646 47
212 14
291 32
379 48
93 9
996 25
594 3
649 13
51 39
452 36
880 35
216 44
601 46
734 7
277 12
569 34
223 16
547 6
148 22
629 7
886 9
291 28
316 47
526 9
112 50
856 25
807 27
555 43
629 27
411 20
246 4
943 26
558 44
620 17
474 14
554 25
189 16
213 3
276 49
53 50
330 1
558 39
69 13
9 5
583 17
753 42
446 28
887 31
748 43
727 7
663 36
73 2
314 34
840 39
435 49
350 33
563 19
190 28
865 19
841 17
735 11
938 48
995 40
506 38
744 13
764 42
194 6
162 6
822 18
926 47
343 31
122 46
994 9
585 21
523 32
211 39
318 35
773 8
247 7
783 47
922 1
60 48
268 33
365 15
687 42
159 4
178 34
512 45
47 1
526 11
28 48
968 13
90 29
499 28
473 43
174 14
698 19
30 3
947 36
587 41
151 6
497 6
780 49
560 43
115 20
517 4
475 29
959 44
861 13
138 5
929 2
311 48
489 26
754 27
273 35
995 2
45 39
454 17
635 30
571 29
284 10
246 30
520 39
168 45
919 12
364 30
416 8
323 30
70 13
992 27
13 14
653 43
602 22
261 38
561 46
95 27
692 13
889 28
395 50
83 4
494 43
432 23
213 1
625 42
713 24
985 49
232 44
833 12
108 9
846 43
53 15
22 23
275 27
791 23
892 44
600 9
652 14
254 6
968 1
553 25
394 11
260 7
920 20
56 46
85 16
233 3
503 13
744 30
727 50
79 43
220 10
592 9
816 12
23 42
41 37
819 13
170 1
49 16
103 34
353 31
589 18
551 40
591 39
427 46
178 20
921 16
578 2
202 49
170 32
122 34
265 18
24 14
240 23
544 15
197 50
476 19
610 20
287 25
54 32
153 35
147 46
126 13
126 15
975 31
955 16
279 30
231 46
94 28
660 7
378 2
680 21
194 50
550 8
665 3
651 18
241 23
834 8
293 21
521 11
349 39
754 30
134 31
259 9
832 23
678 19
166 38
18 8
849 2
600 2
158 5
166 23
963 42
256 16
694 24
226 4
190 2
367 35
592 1
301 10
107 7
271 32
748 20
369 33
131 27
536 7
276 28
808 31
479 18
395 11
297 4
921 14
89 39
706 15
675 10
550 9
121 39
573 23
644 18
248 40
351 8
902 48
341 49
791 48
422 18
813 16
622 40
566 3
70 10
220 20
825 5
453 11
872 41
107 28
151 42
788 16
70 33
147 25
664 42
197 34
671 37
621 39
62 8
514 13
470 48
164 28
282 39
266 23
682 25
198 21
908 8
975 20
758 37
302 4
14 30
426 50
994 13
740 1
640 25
651 37
224 27
778 13
252 4
485 25
975 12
672 7
691 33
848 10
329 45
663 38
773 2
604 26
672 44
169 36
572 50
579 19
940 41
854 33
665 14
695 41
437 17
943 34
884 20
575 36
150 31
342 6
863 40
549 38
704 17
260 20
355 7
186 36
330 33
640 1
240 14
54 14
758 2
358 36
832 43
4 47
894 29
796 16
44 20
796 29
858 28
989 3
484 32
94 8
338 2
417 25
394 35
116 32
633 36
666 43
190 35
480 40
111 7
440 10
570 43
545 28
518 18
596 13
687 44
537 25
605 18
704 32
29 38
329 23
423 3
852 1
510 14
978 9
331 24
858 31
667 37
364 3
932 14
130 40
404 50
210 47
370 15
806 3
411 20
875 39
854 41
941 40
936 48
346 18
122 11
843 24
230 19
918 28
461 26
382 39
779 32
273 4
857 34
473 16
339 32
724 46
712 43
948 23
325 47
504 30
666 4
457 17
827 22
870 30
288 20
336 42
381 32
751 38
347 18
475 9
493 31
795 10
196 30
610 7
220 27
213 46
141 4
974 9
298 5
356 36
757 9
513 17
817 5
506 2
127 41
939 22
906 17
249 28
235 19
821 42
141 24
128 22
810 30
601 42
972 37
609 24
565 45
112 45
31 34
332 28
53 9
969 16
305 5
980 26
11 17
727 6
528 47
41 8
849 50
699 8
872 5
939 29
302 35
885 7
488 31
341 29
717 33
710 40
706 7
654 37
846 15
223 42
558 14
64 31
26 10
426 22
894 13
636 3
778 34
192 41
499 44
99 17
144 18
337 6
221 47
486 32
739 38
798 49
734 37
542 26
406 36
24 1
199 22
555 44
8 47
873 10
120 44
120 10
572 24
178 17
811 50
804 11
322 10
186 41
784 25
146 45
740 1
13 21
881 17
241 11
385 13
545 42
991 34
995 16
243 21
825 30
18 7
57 4
252 48
37 2
468 49
676 36
940 12
999 36
718 26
661 41
820 31
527 3
48 32
108 39
213 26
422 41
164 48
468 46
704 26
638 49
27 7
76 42
542 25
864 37
757 37
831 23
89 26
755 7
220 48
516 11
976 36
250 50
161 23
877 11
230 30
422 20
580 42
619 28
171 39
407 19
967 13
519 30
600 4
86 40
306 41
554 47
870 7
628 38
655 41
940 46
862 23
659 32
679 27
48 30
490 49
868 32
2 22
469 37
761 5
150 14
178 24
310 11
702 17
653 41
392 27
802 16
177 40
711 4
844 20
203 8
419 27
895 12
944 4
66 21
749 30
45 8
165 29
24 49
928 27
859 21
875 45
998 34
214 17
833 10
452 19
636 11
846 5
289 44
969 39
949 40
211 1
763 14
266 50
888 8
653 16
408 28
897 42
24 7
685 17
530 26
246 14
564 32
844 35
1 13
27 27
14 41
867 15
182 44
81 40
695 1
212 42
435 12
856 20
240 22
774 14
784 15
434 10
786 45
196 24
567 37
424 22
294 20
982 9
968 5
818 9
916 18
37 25
420 33
66 25
215 12
58 26
165 26
200 38
902 40
14 11
523 50
983 47
555 41
298 21
336 48
421 14
455 2
192 10
4 22
590 6
859 15
912 33
816 43
321 34
824 32
802 28
54 38
312 18
335 35
369 5
102 45
683 28
305 44
406 14
138 47
252 24
183 19
912 31
482 20
716 13
297 36
833 50
479 9
523 24
657 3
763 28
427 25
459 13
161 38
237 47
246 45
637 47
152 49
818 4
593 14
169 47
64 12
122 30
238 23
105 6
738 41
606 21
189 41
358 5
911 2
455 49
696 36
336 37
375 21
551 17
799 15
952 26
85 38
597 16
4 30
345 40
161 18
732 32
894 18
762 10
587 32
780 1
441 45
581 35
413 22
606 28
635 26
50 26
568 45
611 4
495 11
427 8
494 50
348 43
6 7
345 4
733 5
274 16
903 35
204 22
385 47
279 35
494 50
326 15
298 48
154 13
465 13
192 11
761 33
46 1
483 37
570 17
494 50
947 14
708 3
694 33
620 30
410 9
334 40
884 31
770 25
604 37
369 12
518 19
2 34
170 16
63 24
685 41
717 5
438 27
232 2
889 39
260 15
488 19
901 47
292 35
504 10
16 48
840 49
295 30
34 26
177 2
161 37
859 45
427 13
427 18
889 33
479 47
131 5
759 21
914 38
903 47
565 30
127 12
484 16
882 38
264 1
618 1
849 22
490 42
742 9
539 16
321 8
816 20
976 10
153 6
805 4
204 42
751 4
551 7
511 49
616 29
204 19
85 47
967 20
348 10
216 25
789 27
831 46
682 16
819 28
30 24
463 19
587 26
720 12
178 45
584 3
919 21
502 40
619 14
388 5
633 29
320 33
161 43
867 8
967 26
925 27
556 7
143 41
700 1
31 36
95 3
88 45
81 47
775 36
131 5
279 25
79 30
590 21
31 11
462 2
670 36
797 33
869 46
621 33
504 2
341 13
247 21
934 35
182 41
950 25
645 27
664 1
760 20
699 12
143 36
239 20
904 6
155 42
640 44
289 44
606 28
312 28
504 12
185 25
156 46
563 24
561 24
600 34
435 41
141 3
74 44
86 27
203 13
391 17
462 42
60 24
670 48
506 19
668 8
700 4
941 21
639 15
471 6
486 23
640 39
46 36
751 31
947 9
921 42
218 8
45 49
181 27
376 18
674 12
19 5
412 17
288 46
265 4
440 40
426 46
824 41
334 40
646 18
135 42
601 35
491 34
983 26
100 28
301 18
921 12
99 5
443 28
789 23
992 30
99 36
724 41
225 30
59 26
712 36
56 14
3 22
730 40
459 48
569 9
524 2
309 18
982 12
896 21
324 41
639 4
480 39
244 34
189 4
823 50
660 43
200 35
384 36
951 6
810 43
797 3
245 29
968 46
707 8
531 29
222 30
539 40
624 24
467 2
612 37
665 26
442 43
287 45
959 18
979 48
290 34
855 27
152 30
585 34
730 48
148 33
394 34
662 4
217 11
984 2
972 4
417 34
170 46
219 43
560 4
21 19
421 39
447 3
414 19
345 39
763 40
532 23
392 15
303 5
989 8
347 34
127 11
880 23
637 18
510 25
771 34
493 20
762 42
477 35
254 21
662 40
991 1
770 27
25 25
166 48
436 26
133 11
260 37
197 28
393 19
895 38
73 39
379 11
257 40
770 38
992 20
706 21
493 45
606 20
395 20
395 29
788 22
941 43
51 49
176 15
840 35
414 16
760 32
928 34
611 8
589 5
500 46
116 48
661 8
584 5
312 27
223 39
335 8
891 46
141 21
513 33
962 27
844 50
82 1
698 15
999 6
326 42
691 31
637 22
471 8
209 18
407 26
817 4
860 32
423 19
600 1
104 5
205 44
160 9
7 9
827 15
5 43
397 9
220 3
491 50
732 7
480 42
473 42
425 6
643 36
81 47
726 10
878 9
3 18
426 6
189 2
203 9
677 9
379 19
95 20
176 8
931 35
261 45
261 32
648 44
28 31
114 3
927 31
146 17
931 43
930 38
710 18
368 24
312 16
199 31
748 21
699 20
284 35
233 15
58 24
220 3
328 36
457 19
721 18
36 23
437 46
249 2
577 16
268 8
541 16
241 25
28 30
461 29
975 27
402 49
123 26
647 36
510 8
342 37
334 41
973 22
74 50
846 34
431 27
910 33
12 29
153 29
670 22
756 17
861 18
114 2
21 37
369 8
254 7
106 41
261 33
324 47
961 9
745 27
670 47
231 2
77 5
232 18
442 49
898 3
133 41
24 50
218 43
176 10
417 13
987 6
614 29
273 10
874 45
546 22
536 24
125 47
361 9
797 24
832 23
55 46
175 46
453 7
673 38
174 49
597 23
291 11
354 43
204 10
877 31
681 1
180 6
866 43
495 33
576 17
969 6
81 2
395 33
512 30
330 26
338 25
756 43
298 50
847 33
717 11
811 36
511 44
770 33
285 45
479 31
993 13
660 8
738 23
618 22
288 30
109 43
436 47
782 30
430 6
247 26
501 1
322 6
443 42
443 15
822 19
641 18
345 28
825 17
32 22
675 50
216 49
171 49
428 23
705 7
761 5
666 39
499 24
20 8
246 23
566 5
862 7
414 17
135 36
137 32
846 38
438 22
293 11
691 37
915 39
407 36
34 45
750 24
359 18
185 40
46 9
899 47
660 2
853 36
371 38
106 7
625 11
268 10
385 39
397 41
408 16
655 17
81 45
389 5
786 7
799 26
261 2
818 29
704 34
454 2
509 7
190 42
75 13
971 21
947 48
26 16
739 9
393 19
127 2
486 29
203 20
456 25
106 18
564 10
402 39
33 31
646 35
100 38
915 9
557 4
907 46
896 37
589 32
638 23
850 23
305 43
730 1
91 46
413 31
303 39
875 37
871 5
405 42
821 46
289 50
385 49
673 31
89 44
804 14
68 23
428 46
255 17
159 17
752 29
87 30
478 34
402 26
654 45
226 23
775 20
893 46
488 40
638 21
796 37
882 21
805 21
365 13
646 7
379 18
184 26
447 37
158 21
903 44
521 30
13 43
948 3
8 41
216 1
473 14
442 31
575 25
752 14
67 16
872 46
812 24
826 4
445 35
560 41
266 12
53 37
791 44
459 44
833 28
435 43
506 36
762 36
713 11
542 30
528 24
341 14
684 33
806 44
729 48
509 9
12 17
931 7
446 40
301 3
416 14
160 25
305 37
43 28
538 2
166 46
171 44
307 34
579 43
620 26
155 22
524 39
195 25
12 43
197 10
864 44
533 49
208 3
215 10
272 23
289 28
32 47
756 34
44 41
535 50
612 32
36 49
526 1
97 32
559 44
185 30
886 1
249 35
66 46
675 40
550 33
790 17
940 18
763 47
527 9
98 31
15 33
299 17
873 36
662 23
973 28
924 39
854 13
507 40
5 45
493 37
135 50
569 37
18 20
609 19
172 22
643 44
140 48
449 6
351 45
840 4
76 2
500 28
497 37
483 38
4 4
966 48
946 31
627 6
51 10
957 38
868 3
34 30
484 31
652 25
895 32
729 30
758 26
100 1
781 35
153 3
188 39
436 21
679 48
467 48
214 7
999 42
13 35
64 21
789 50
862 42
577 34
896 6
674 6
785 16
44 28
374 5
527 26
985 6
70 4
729 16
131 5
440 11
369 5
771 19
305 32
502 18
262 37
606 12
297 29
588 4
61 8
361 37
108 10
204 40
856 44
326 18
683 28
783 3
696 34
829 8
455 18
948 50
853 23
193 34
121 48
486 26
881 39
890 38
203 16
910 18
396 10
608 6
924 1
916 27
592 31
22 28
575 38
729 26
806 27
907 29
588 5
414 38
326 11
25 4
660 28
869 24
634 34
529 19
656 22
511 31
171 23
764 11
722 6
684 26
481 30
107 35
633 27
661 16
678 20
871 7
352 11
363 6
235 31
121 38
831 30
448 47
312 36
321 36
582 15
613 2
359 20
281 16
185 8
977 35
24 36
539 4
222 40
992 15
885 47
142 45
607 16
528 36
55 42
220 39
717 18
652 3
918 31
910 34
898 34
924 33
277 38
173 50
822 17
2 18
530 46
346 38
458 48
582 33
657 20
293 33
703 21
314 20
313 43
161 29
750 33
69 23
515 30
757 3
592 14
931 25
577 28
732 26
391 32
746 4
508 27
245 34
866 12
621 32
453 32
914 49
484 1
469 48
996 50
596 25
501 19
314 26
475 43
236 2
150 5
853 26
210 27
811 16
640 38
311 39
227 20
729 29
508 28
58 24
919 25
345 37
372 47
919 18
135 45
898 48
879 4
142 47
19 46
119 43
144 12
224 47
340 4
287 15
391 35
886 47
317 34
372 44
589 5
34 18
364 41
527 17
275 37
61 25
717 23
513 5
826 6
726 33
15 14
739 22
36 10
776 21
196 11
349 42
376 44
996 14
213 27
490 19
513 16
890 26
194 25
297 46
599 40
299 5
437 26
181 37
219 11
313 38
206 27
181 45
950 38
844 12
855 30
43 30
105 18
357 12
105 16
464 11
966 27
86 2
404 17
853 46
484 33
535 16
978 39
267 2
606 5
946 41
628 19
67 15
948 19
207 3
98 20
85 34
39 40
575 46
478 34
756 19
264 21
164 7
481 35
903 48
416 38
430 20
83 46
880 35
665 25
295 6
806 24
544 28
866 3
911 3
706 47
664 7
574 37
591 18
105 33
497 25
981 5
977 23
444 33
532 15
623 4
693 27
11 8
122 31
40 28
733 1
184 36
476 8
342 18
617 2
244 5
666 9
891 35
610 36
847 9
398 16
145 24
82 4
643 25
498 31
975 20
361 6
553 26
429 7
656 2
488 41
665 4
121 35
668 4
841 44
173 22
991 45
668 1
708 10
534 12
224 24
305 22
347 38
68 14
596 27
365 7
110 23
329 37
382 2
255 50
247 50
821 40
742 11
186 48
661 36
66 41
388 8
982 16
500 6
881 50
818 25
276 20
930 9
378 6
841 20
85 35
986 12
159 15
995 14
178 6
653 26
169 38
799 11
716 20
946 28
800 36
854 8
109 20
357 41
654 10
131 15
740 39
988 5
636 13
406 45
604 3
58 17
890 18
263 42
77 29
743 9
626 17
681 13
112 2
549 2
12 1
483 16
982 26
380 39
682 18
479 48
465 31
406 19
197 36
558 17
896 12
635 18
429 46
1 49
390 29
284 27
877 5
161 38
250 17
443 50
883 19
271 3
151 3
944 16
747 12
860 26
493 21
988 43
620 47
376 42
469 22
465 2
935 24
382 25
737 28
127 9
158 38
309 31
272 43
904 44
242 4
415 2
821 22
500 26
980 45
157 8
272 18
21 33
428 20
272 25
129 22
498 49
524 16
761 47
443 8
551 29
324 39
209 20
479 16
994 29
78 44
409 44
436 17
422 23
67 15
489 29
668 49
532 20
236 42
164 5
553 35
707 35
881 2
913 44
379 50
158 1
547 50
330 32
130 48
910 7
941 50
544 42
897 25
163 26
453 12
68 38
33 6
246 37
719 43
799 45
593 50
449 47
746 40
914 33
139 29
636 17
928 27
974 48
209 38
305 12
90 34
27 46
419 23
48 23
592 36
340 20
137 24
922 26
892 17
696 30
814 8
560 47
142 6
457 33
811 30
861 15
520 5
232 29
231 7
447 3
115 14
534 37
996 37
249 48
895 11
876 19
196 22
251 24
262 34
363 18
334 9
583 41
617 33
556 42
557 21
277 44
464 6
895 40
473 20
606 3
701 18
247 50
251 38
612 21
673 38
523 16
677 40
911 48
148 8
558 26
566 11
713 29
552 40
959 23
97 7
610 42
725 11
56 22
837 46
755 4
837 18
834 17
221 9
166 15
833 20
654 17
393 1
403 18
857 6
36 13
610 12
451 37
287 21
303 11
545 43
752 19
524 3
830 43
344 41
851 29
368 31
572 1
542 19
851 48
853 39
312 45
670 8
500 25
108 49
92 21
872 39
268 49
533 50
625 19
885 34
998 21
282 1
88 34
854 18
978 27
380 14
2 11
284 40
378 10
843 16
896 40
280 28
894 32
921 43
874 50
420 16
687 4
486 5
475 32
159 11
183 23
628 5
506 4
516 22
854 10
692 31
802 6
835 36
662 19
318 10
714 38
741 41
999 5
124 3
452 39
691 33
466 20
487 42
977 13
791 36
593 31
575 41
378 3
904 35
92 21
422 3
631 23
521 29
157 1
805 30
491 46
178 28
396 6
540 32
102 8
219 1
26 9
797 36
656 44
432 43
129 33
1000 11
11 20
135 34
481 50
711 29
176 29
322 28
484 19
763 45
945 41
515 10
834 26
196 19
21 31
633 21
332 36
197 47
277 42
831 29
764 3
716 22
596 48
461 18
170 46
621 20
250 22
76 19
543 11
31 28
983 21
373 9
589 3
459 37
174 37
81 24
52 28
27 21
742 46
234 50
766 27
464 40
313 4
183 24
987 18
579 15
8 5
539 13
124 3
276 46
460 35
638 36
707 39
501 15
790 14
737 5
232 30
766 43
519 16
877 4
45 24
233 17
896 5
147 28
794 22
591 34
281 37
853 22
304 43
833 6
557 8
346 6
969 24
239 41
891 48
829 20
557 6
954 23
125 5
486 45
310 26
381 31
37 40
294 8
276 5
383 34
410 38
6 37
32 12
49 21
181 47
591 40
316 10
53 23
345 40
843 22
208 30
588 31
758 42
481 32
733 21
335 21
964 27
412 10
981 2
110 22
302 16
708 41
809 8
163 17
971 33
242 36
328 5
878 36
326 27
823 8
749 13
505 7
238 42
932 44
537 5
69 15
141 9
387 1
772 4
82 40
244 44
403 31
727 25
34 6
259 48
743 47
475 46
398 28
333 23
455 14
803 36
902 27
266 6
84 42
613 19
900 3
850 1
991 25
276 48
929 34
712 50
441 44
568 25
477 33
547 49
364 34
426 26
98 39
549 13
911 41
356 42
960 48
847 14
173 41
959 11
89 16
346 19
350 47
995 32
902 20
751 16
419 40
841 30
583 16
87 3
125 5
778 38
302 36
842 6
413 48
224 48
220 9
291 39
812 11
564 33
345 22
577 12
196 11
301 17
447 14
230 41
396 38
54 5
7 33
467 42
759 7
120 48
529 13
921 33
461 7
195 7
31 36
761 32
607 37
528 31
234 17
508 19
94 46
537 11
402 47
867 3
884 9
886 26
457 42
783 40
480 37
736 23
551 36
552 27
597 17
577 3
798 30
809 8
963 4
41 33
687 45
657 45
851 49
242 22
890 41
594 22
710 35
756 47
729 24
357 34
413 22
608 33
861 14
915 3
105 11
456 49
998 26
485 8
388 38
60 22
342 35
716 31
365 9
462 9
894 22
240 10
471 5
862 30
246 41
996 6
866 27
637 24
96 8
103 33
991 18
461 47
604 45
412 22
303 42
150 50
844 39
426 40
316 27
721 40
905 3
123 27
301 30
896 6
980 41
680 4
373 32
956 50
973 3
658 7
99 5
684 19
133 28
897 15
994 25
379 31
655 9
320 42
786 47
978 49
618 34
47 40
412 24
9 49
559 1
598 49
50 44
281 6
816 22
207 35
675 38
516 18
382 34
716 26
778 43
746 37
490 46
724 28
511 16
100 12
476 23
753 31
746 28
92 11
694 19
620 19
590 34
546 28
696 40
253 34
636 12
600 38
220 8
47 16
971 23
646 6
251 44
818 47
21 38
549 7
54 11
694 47
4 11
743 38
757 9
261 24
480 14
308 46
449 47
153 22
330 12
310 46
37 15
889 29
547 24
156 29
920 33
87 3
940 20
498 8
211 26
284 37
718 46
71 2
880 14
416 17
818 7
892 14
720 44
526 18
578 44
386 15
244 29
846 6
910 45
435 36
92 24
320 49
582 29
287 18
42 14
207 21
69 23
488 20
782 30
914 19
452 10
902 6
762 18
691 3
34 25
227 14
151 27
747 40
881 29
638 29
261 27
875 25
859 18
587 43
486 18
500 48
567 47
408 48
43 1
566 48
864 27
240 21
932 13
916 40
710 40
612 20
3 30
477 16
418 40
339 49
689 41
740 49
526 44
505 9
262 24
136 38
849 23
668 12
596 19
499 49
638 5
775 13
291 29
574 13
28 17
59 26
933 14
994 45
478 33
447 40
307 35
304 47
380 27
182 37
269 9
865 43
991 45
577 30
237 32
845 49
560 43
552 38
148 40
311 15
593 49
100 2
450 44
302 45
161 36
695 7
353 12
421 37
963 4
145 47
98 30
803 23
223 16
12 41
909 11
466 21
990 29
127 17
220 50
587 47
169 37
166 26
256 1
719 39
329 16
719 31
209 12
270 22
351 13
829 31
529 44
123 9
21 39
57 19
368 6
389 34
530 42
907 26
72 30
303 18
481 42
516 35
778 50
152 4
898 40
246 29
110 31
890 38
38 27
993 45
958 31
342 46
686 45
702 6
251 25
341 26
516 21
335 50
501 22
352 13
919 27
500 44
382 11
816 23
106 6
198 2
31 39
182 7
373 23
151 43
488 29
970 37
657 39
744 10
915 23
231 38
343 3
345 40
504 6
484 50
632 12
731 22
241 44
763 13
813 36
775 24
911 37
141 37
592 26
743 21
603 44
595 23
744 37
339 41
837 14
478 31
880 47
509 25
734 17
847 34
720 26
493 21
369 27
46 22
321 9
685 12
845 45
462 49
484 33
964 20
803 3
110 35
330 45
694 8
573 16
385 10
341 45
929 4
276 7
390 2
292 17
328 31
785 6
631 21
786 38
556 43
212 39
317 5
223 8
269 38
567 16
33 14
852 29
140 19
810 14
68 22
434 26
874 27
895 8
902 35
770 2
737 39
375 48
178 33
942 2
842 16
491 10
759 50
53 30
517 41
387 13
320 26
498 42
779 6
208 4
564 11
461 11
333 9
973 43
573 25
823 24
237 9
905 16
884 8
137 29
284 5
285 36
290 1
116 14
641 8
931 10
880 2
338 16
271 11
724 48
782 34
530 34
791 20
481 48
183 3
519 31
17 35
258 35
402 17
985 13
166 7
945 31
754 36
337 30
160 9
590 1
646 19
216 21
487 48
971 30
24 22
615 34
900 26
505 5
857 22
96 23
385 25
128 47
434 7
882 48
830 42
306 11
620 22
728 13
381 5
808 13
376 33
330 28
422 40
954 13
206 34
945 36
826 42
826 8
617 47
254 7
955 45
553 7
720 25
738 10
713 42
95 18
149 48
775 6
126 43
270 5
826 17
356 17
810 3
254 27
438 28
92 12
974 32
305 33
530 33
279 28
76 27
656 36
273 10
118 14
372 44
883 47
691 3
394 21
400 32
388 3
905 18
884 30
920 15
172 26
139 43
461 27
757 28
539 35
420 48
383 47
433 48
67 48
851 23
9 46
668 18
397 26
418 6
238 19
391 49
177 25
946 25
518 35
868 30
745 43
156 12
258 4
659 26
974 15
721 21
219 44
366 30
424 36
434 40
747 4
109 1
969 16
247 19
65 9
170 34
273 43
579 5
248 33
988 6
618 10
269 20
112 16
487 44
565 15
727 17
634 47
961 41
258 43
275 6
63 23
85 20
483 5
904 27
776 30
548 26
641 29
152 26
334 9
909 8
636 31
43 20
931 20
964 13
558 16
124 43
966 44
927 10
496 32
139 46
378 24
921 4
298 23
120 27
687 16
379 6
14 22
894 23
294 28
892 26
868 16
660 50
24 36
255 11
846 1
124 35
991 48
653 5
61 34
319 35
666 30
878 45
762 1
734 16
340 36
323 38
485 20
130 33
44 13
318 50
287 6
660 3
77 10
479 10
803 33
533 6
463 4
319 20
248 30
437 32
988 22
360 34
919 44
447 29
307 3
314 39
610 31
218 17
374 4
343 7
202 23
64 20
383 27
647 44
448 43
522 4
734 25
148 21
164 25
577 47
635 6
157 22
880 10
582 17
450 42
294 17
588 41
922 4
33 25
237 7
746 33
470 38
130 5
909 42
363 3
306 37
262 6
47 42
424 34
25 5
7 47
746 16
153 36
698 2
317 6
410 17
671 21
71 12
201 26
485 32
333 40
865 21
852 40
158 50
850 12
697 5
303 10
725 24
543 9
272 17
3 47
836 9
790 25
559 24
409 50
595 26
968 44
503 40
555 38
124 20
918 29
368 14
209 40
23 33
288 9
429 33
20 11
381 33
8 9
469 1
468 47
880 43
710 43
186 17
621 41
344 22
636 23
445 5
245 45
302 39
979 28
568 28
622 34
860 16
723 36
97 14
394 45
42 27
830 45
900 24
513 9
410 27
101 36
273 20
307 21
276 2
336 22
9 1
995 50
41 4
153 25
244 2
881 45
75 50
521 37
372 5
151 38
666 8
128 17
619 29
572 17
560 49
424 14
48 41
243 16
725 31
689 2
13 1
451 35
706 23
349 7
475 29
735 38
801 11
133 12
779 9
47 5
58 14
169 15
709 15
372 37
423 25
507 43
620 41
231 41
79 39
556 39
23 5
562 31
934 20
436 26
969 23
444 42
203 37
69 29
649 49
600 19
87 10
504 17
921 39
950 34
187 16
733 30
98 3
783 13
777 14
678 36
621 27
868 41
361 45
804 34
835 9
886 20
213 46
895 37
973 9
798 35
941 14
225 41
427 43
454 19
890 8
162 34
880 22
949 40
270 45
588 29
251 21
862 49
849 26
504 1
215 24
265 32
413 30
814 50
819 44
791 31
514 44
24 16
825 6
961 27
513 21
823 41
2 46
969 17
532 42
99 36
887 9
230 14
627 10
478 10
800 23
331 48
360 31
673 46
792 1
120 3
99 10
204 18
623 37
62 10
957 7
633 44
445 48
350 25
456 45
336 46
724 48
945 17
996 23
755 47
790 4
960 43
859 10
27 22
322 34
797 17
661 40
353 21
650 33
47 27
547 34
485 14
719 23
969 30
263 46
440 20
265 46
883 13
209 19
29 20
587 32
974 48
18 39
251 4
724 21
75 9
804 35
715 4
215 23
219 35
775 21
487 36
131 43
776 23
277 9
376 29
850 20
905 7
102 6
639 12
766 34
121 32
931 24
772 34
566 31
520 42
414 27
929 49
907 39
247 48
407 46
518 41
920 14
431 45
456 35
782 33
421 10
169 39
769 4
903 49
650 43
895 36
611 40
213 45
226 42
136 10
176 32
647 40
940 20
743 15
824 33
966 17
762 47
92 13
525 38
733 6
390 49
840 36
7 50
451 17
271 6
996 32
423 34
513 29
566 30
281 41
431 1
705 42
974 9
665 3
407 6
916 35
311 8
851 36
736 12
859 41
658 41
834 7
588 4
678 40
639 41
886 7
892 12
415 2
960 46
760 20
423 4
942 21
615 41
545 37
112 1
13 46
515 10
154 40
240 34
973 32
934 38
445 2
951 24
862 1
969 23
161 30
470 49
690 44
220 48
881 46
783 15
626 17
250 23
325 14
354 27
310 40
315 45
390 7
920 1
752 38
87 26
277 12
595 30
249 28
169 21
611 1
195 30
201 48
344 38
442 24
530 8
346 10
358 43
929 16
640 18
684 3
948 6
347 38
926 1
929 47
299 1
264 10
934 31
330 43
444 50
865 43
440 17
431 42
416 31
663 37
453 39
442 40
751 44
947 14
367 14
932 7
636 13
910 23
887 25
957 50
662 16
434 21
284 9
407 17
527 3
422 5
153 7
899 46
81 12
373 31
183 32
849 34
923 45
279 41
966 12
955 4
319 40
757 34
511 36
234 8
909 1
248 41
660 32
414 10
976 8
522 20
861 5
89 49
80 43
762 37
507 38
907 6
733 42
771 19
208 28
702 5
994 3
517 43
260 6
347 28
606 27
89 21
233 49
18 8
259 16
792 31
831 3
109 17
746 35
163 28
359 27
957 14
732 30
179 31
931 31
970 26
282 34
98 15
299 20
14 14
501 29
767 38
121 17
314 41
493 34
221 6
109 39
998 38
341 39
620 40
872 9
188 7
996 7
69 18
572 24
116 5
509 12
849 5
329 28
568 44
143 5
154 20
760 16
425 16
236 14
223 35
555 20
104 28
669 50
115 12
507 45
493 31
515 23
573 6
383 40
913 31
727 21
648 30
506 47
727 2
785 30
380 4
589 41
734 5
764 5
403 21
32 38
383 23
983 3
492 21
348 16
173 34
708 26
921 20
131 30
406 34
541 34
668 47
573 46
766 26
833 23
149 1
227 22
244 36
266 3
85 20
303 27
914 4
809 24
45 33
713 41
120 35
470 40
262 13
451 40
745 14
236 35
409 48
709 37
651 5
387 33
935 40
232 25
882 48
891 42
698 44
134 17
957 14
750 30
786 13
207 18
85 2
334 50
520 21
109 43
165 6
50 39
965 22
848 3
148 24
732 45
754 3
753 13
803 11
309 2
832 13
874 48
12 32
806 50
672 36
107 31
688 39
359 24
572 29
77 23
616 44
83 2
628 12
378 43
868 10
977 15
841 21
298 42
830 3
636 5
164 45
967 38
438 44
251 13
326 21
265 17
542 20
888 33
952 8
634 26
567 34
500 24
299 34
225 32
273 19
976 8
337 7
938 46
182 30
821 8
674 30
251 34
47 23
371 36
982 5
943 22
308 32
365 15
584 27
591 47
367 26
163 27
376 21
827 47
969 48
277 41
232 3
924 27
514 38
189 17
495 13
355 49
780 4
700 49
848 22
746 48
15 11
667 43
314 39
698 38
741 2
691 39
784 20
146 48
71 23
637 23
434 40
990 15
773 14
674 9
457 11
740 41
793 41
626 37
646 50
807 17
116 47
688 50
203 16
263 5
478 31
603 23
111 38
214 10
609 25
166 37
197 3
772 39
414 8
544 37
421 2
267 43
653 37
819 45
216 39
347 27
592 35
248 41
983 45
293 10
232 9
312 47
979 39
194 43
965 4
995 9
901 29
308 19
945 38
796 3
63 19
172 39
852 11
346 9
40 48
778 38
664 37
1000 21
339 19
175 47
622 46
669 18
568 42
805 1
70 16
707 4
920 46
340 39
122 33
91 42
212 40
493 24
171 48
758 12
630 33
498 39
897 39
325 34
389 42
707 19
318 49
857 28
316 6
482 47
731 18
395 9
891 29
222 16
360 9
891 43
3 12
379 6
967 34
244 26
397 4
576 46
592 27
669 8
666 43
102 46
613 18
632 24
643 25
910 19
759 21
686 20
874 7
882 48
663 42
304 19
574 11
370 5
525 27
559 41
674 32
472 31
394 46
316 46
438 47
180 40
729 19
159 10
379 18
720 31
561 16
963 32
378 50
492 26
283 49
607 9
220 25
409 40
98 31
326 1
875 5
952 11
956 12
175 41
758 9
491 35
837 37
332 26
32 46
747 3
596 28
542 42
905 41
544 17
899 46
462 9
858 36
355 27
818 4
549 29
884 7
630 16
364 33
843 8
329 25
873 25
631 26
299 43
960 10
101 47
23 40
796 47
220 39
492 47
419 15
417 48
76 23
630 28
396 23
721 15
563 44
148 38
589 39
366 25
985 18
352 39
813 24
777 6
87 24
763 36
597 30
771 26
495 5
412 6
919 41
909 19
504 19
574 13
300 15
119 4
69 5
442 33
645 12
284 46
973 45
592 3
866 28
724 39
315 35
593 32
909 23
255 2
343 12
247 45
150 20
415 32
418 49
378 8
927 7
293 33
829 3
539 37
313 7
282 26
810 24
244 37
28 30
583 11
968 10
461 9
186 34
213 46
514 24
632 30
620 30
53 13
152 9
453 16
410 25
487 49
371 37
870 36
406 13
174 48
796 46
418 30
89 34
513 41
844 49
244 45
251 31
594 30
357 1
21 13
254 13
627 45
782 34
613 19
938 42
779 12
338 16
837 33
617 30
788 34
481 16
791 12
876 10
814 24
108 37
571 26
843 40
532 28
964 13
915 24
48 3
174 6
306 17
375 11
84 2
604 28
23 10
472 48
447 16
57 50
205 37
800 8
267 22
724 2
459 3
55 33
977 1
527 2
852 31
670 8
177 37
43 2
320 7
375 47
477 1
873 34
536 12
795 43
518 27
522 23
910 21
465 23
20 19
167 24
89 42
188 28
457 2
456 17
803 15
133 37
845 22
928 4
262 47
820 47
234 46
438 7
970 41
394 35
9 43
844 35
168 39
904 12
274 21
540 7
921 10
64 9
223 12
77 43
886 1
123 37
281 10
289 46
928 23
913 39
520 16
57 35
425 31
491 3
710 25
141 32
992 46
314 32
724 8
400 44
496 8
200 32
314 15
481 19
513 42
414 42
450 22
147 50
44 41
531 45
36 11
997 43
194 31
730 48
858 41
577 15
93 50
420 13
117 41
984 28
844 31
441 17
14 29
331 18
26 5
706 36
485 19
971 47
174 8
609 7
651 10
457 22
891 14
902 16
651 37
358 26
457 12
770 28
468 40
426 19
186 5
799 21
927 17
24 24
485 13
702 18
663 11
527 14
972 44
702 7
402 9
409 47
153 43
378 31
220 14
367 17
844 3
555 30
188 45
842 48
254 31
840 34
132 47
923 34
232 9
741 14
492 24
875 45
251 5
280 37
871 45
763 1
88 46
796 32
355 36
547 2
912 35
890 35
836 7
518 36
109 18
425 36
161 25
491 30
287 23
829 32
147 23
340 15
855 33
340 32
357 33
370 47
822 37
425 29
334 45
902 37
197 11
468 16
855 10
529 22
997 31
319 2
306 29
220 46
471 22
570 50
312 10
384 5
253 35
127 26
818 37
421 17
167 22
910 28
176 33
86 31
310 22
448 1
356 44
458 19
307 8
799 22
190 48
979 8
607 43
803 50
648 18
27 10
755 2
709 31
755 19
273 6
968 34
927 9
767 31
246 46
336 45
305 35
446 43
5 15
475 46
349 17
457 24
22 7
665 46
507 31
880 31
394 15
733 11
348 34
165 21
481 1
319 13
18 34
905 7
293 15
689 9
221 9
180 9
104 9
482 36
903 18
576 7
41 35
693 46
96 19
277 29
154 39
17 27
537 37
501 24
700 42
801 6
4 25
449 25
816 3
197 46
17 13
489 39
814 16
902 24
690 46
175 46
465 17
501 18
31 48
284 36
24 32
204 8
801 6
992 20
766 25
914 29
346 1
61 6
842 42
466 9
362 50
188 6
934 5
428 16
26 2
725 29
35 14
945 44
516 36
962 42
370 11
626 3
968 37
508 49
788 9
584 49
600 18
195 16
506 23
124 9
580 26
537 12
212 45
400 18
797 4
870 24
21 37
716 31
549 11
676 24
876 23
8 23
221 36
76 14
668 25
887 39
580 26
982 3
524 15
369 40
541 48
348 6
870 18
951 8
321 29
759 7
267 10
675 36
535 38
39 32
612 6
36 22
466 46
902 26
450 18
989 22
339 8
373 37
893 17
582 37
290 23
388 39
176 33
536 38
192 4
365 29
362 25
212 36
327 3
368 40
789 45
707 21
703 1
695 46
771 46
638 31
986 24
147 13
531 44
591 27
896 7
29 4
303 5
45 22
826 35
541 24
432 27
619 34
354 20
244 31
166 33
33 11
144 11
589 3
156 47
968 38
773 2
63 13
306 26
897 36
43 16
251 16
24 34
533 13
26 43
956 16
32 33
510 46
788 20
960 27
339 25
579 18
633 33
267 4
611 42
31 38
594 50
268 43
967 28
50 43
769 14
117 22
728 19
733 10
734 42
502 16
201 37
593 3
651 11
234 4
266 50
128 19
96 47
295 26
251 8
113 11
326 2
57 35
295 39
39 33
871 15
479 19
605 35
89 45
427 33
146 24
88 44
730 32
852 7
173 23
807 21
194 49
570 32
703 3
932 42
234 24
486 31
521 20
928 48
332 31
98 15
621 32
43 21
695 13
422 23
788 42
496 27
822 31
876 46
647 16
175 44
232 5
107 15
166 15
400 43
24 6
495 45
867 48
173 32
550 1
590 50
630 27
704 26
171 23
451 40
881 2
752 21
48 39
159 28
85 33
927 14
655 40
282 40
434 27
902 7
439 44
533 10
290 27
854 31
219 48
82 39
262 29
567 26
563 31
89 21
78 4
836 19
824 15
675 36
900 22
212 28
627 16
34 49
161 47
394 13
741 35
182 42
909 2
581 20
472 29
545 26
122 47
23 22
131 2
419 13
328 13
249 36
889 40
381 16
753 49
524 22
402 6
969 39
246 9
49 31
607 9
423 33
423 9
417 46
521 6
448 7
103 41
772 3
961 41
598 6
460 36
357 24
368 38
210 38
626 37
443 21
928 8
107 32
951 2
424 10
521 39
244 28
15 16
750 27
763 24
926 25
537 30
116 28
185 16
393 34
711 33
860 28
115 35
838 50
202 14
822 8
91 1
15 20
306 18
85 40
224 9
148 41
297 33
89 17
44 48
942 18
903 29
882 50
353 40
951 8
790 47
739 41
455 35
719 30
279 42
211 38
39 24
32 5
754 35
188 33
266 24
346 8
1 49
111 11
137 45
142 46
573 33
453 14
437 6
486 32
430 3
95 19
80 33
98 25
62 14
910 40
361 31
668 18
622 30
546 16
691 21
196 5
78 10
542 49
334 26
211 45
328 39
81 40
459 31
691 40
220 18
494 11
251 15
500 13
700 46
996 35
984 4
488 1
385 26
973 42
761 49
110 22
84 50
738 39
593 45
530 13
645 18
932 35
752 8
338 48
981 39
316 20
862 24
937 48
7 24
50 31
38 12
232 13
738 26
449 15
545 41
471 26
319 36
200 36
190 44
791 9
521 11
234 18
671 35
506 50
726 19
558 3
166 34
232 40
298 11
918 27
115 48
82 17
644 22
619 44
711 27
570 9
358 46
678 10
947 5
1000 31
688 9
200 31
312 15
182 5
917 29
425 37
559 34
860 27
427 35
404 26
145 25
315 40
310 32
640 50
672 24
29 7
653 8
456 19
116 31
18 49
113 25
339 15
894 35
124 25
949 44
995 35
575 15
59 22
688 12
913 28
352 19
584 5
299 25
774 6
482 13
389 29
808 21
59 14
358 30
530 5
456 5
376 41
542 19
536 12
428 36
576 17
826 43
505 9
492 35
2 33
907 28
845 35
106 11
385 25
234 14
606 41
542 31
532 12
960 32
524 35
954 49
933 20
230 42
897 1
103 12
581 10
93 14
573 36
117 28
749 2
519 49
257 46
14 37
518 33
804 42
166 15
699 8
433 5
636 6
446 18
412 40
886 45
290 29
994 9
547 45
600 39
39 37
58 4
513 27
766 27
714 41
175 18
766 3
826 5
205 20
258 45
748 44
53 10
18 10
565 10
571 18
88 22
192 50
409 32
877 33
916 2
74 19
589 7
819 26
82 30
800 40
773 14
237 29
611 22
819 34
47 1
838 15
232 22
100 8
918 39
20 3
73 30
517 34
346 47
619 38
784 12
597 9
621 46
545 15
39 42
319 15
807 39
610 49
917 2
659 11
234 1
277 12
172 46
138 20
6 40
732 47
941 12
741 42
100 43
544 48
825 4
613 49
173 50
841 49
72 31
347 22
20 22
121 25
981 29
809 4
127 28
800 47
712 19
903 29
385 13
392 5
825 25
61 31
314 22
330 27
970 19
686 43
76 10
86 38
556 27
466 26
487 46
782 36
544 4
67 30
804 4
555 16
839 42
776 16
165 19
261 39
898 30
915 2
650 35
454 2
450 20
662 13
269 15
487 4
488 41
601 38
990 32
552 8
500 35
37 46
822 9
235 42
321 41
331 46
143 1
168 25
446 23
764 1
649 12
953 29
389 40
825 36
69 39
735 48
159 30
988 27
893 2
691 7
445 32
484 48
305 16
621 41
600 4
76 16
651 40
550 48
281 17
852 14
371 14
145 44
777 49
85 15
435 33
61 18
752 2
648 18
131 35
707 10
304 8
38 18
44 50
494 21
403 31
529 6
927 9
172 32
424 35
192 4
407 30
9 4
505 20
310 25
242 23
28 10
559 14
115 21
387 33
215 31
755 37
808 16
954 18
370 25
454 21
982 36
385 24
648 49
360 8
871 17
640 10
759 39
892 46
690 31
752 31
203 33
753 39
322 5
219 42
227 30
146 39
998 25
369 32
200 23
542 30
993 8
691 28
637 36
911 34
427 1
835 33
129 21
350 15
149 12
610 14
69 11
772 48
481 20
623 50
379 35
634 25
918 27
286 18
804 35
521 35
255 9
405 15
41 17
329 44
819 48
727 10
754 24
381 46
197 38
900 10
921 48
764 33
917 49
70 24
982 7
560 8
620 2
789 39
275 48
386 13
91 43
298 33
153 44
563 33
36 43
759 10
912 4
764 27
406 15
93 23
802 26
910 25
420 48
59 44
912 18
762 14
758 29
724 27
370 22
960 9
517 17
17 43
834 3
731 20
594 35
49 6
753 46
650 36
494 35
568 37
231 41
471 28
755 25
540 12
270 26
748 34
240 5
528 38
158 5
872 45
912 3
252 11
105 8
237 10
723 45
690 32
768 39
195 7
618 17
930 20
491 8
549 6
470 28
510 33
677 28
259 13
208 37
854 22
348 33
21 30
721 6
515 9
124 8
166 11
355 8
423 3
660 21
661 48
830 16
650 15
989 6
140 43
90 42
13 28
553 40
356 6
746 14
18 11
601 18
694 27
118 35
546 49
686 42
259 18
496 37
644 35
640 10
900 24
983 37
603 40
353 37
769 44
525 32
408 41
385 14
317 20
60 18
291 21
50 31
927 3
572 46
941 47
21 42
66 40
270 50
359 4
986 24
197 25
795 48
363 29
547 18
154 20
532 29
410 5
713 6
538 31
402 20
660 31
956 42
766 17
895 20
650 48
182 25
470 30
690 29
317 37
872 13
429 39
598 3
839 5
858 14
354 2
843 35
657 32
846 13
936 4
746 37
562 7
780 17
654 31
844 34
78 20
566 44
582 31
115 35
843 48
477 24
994 26
550 40
748 28
754 22
8 15
936 7
97 12
461 37
252 26
193 25
188 41
631 41
86 18
937 9
349 19
723 22
551 9
275 3
253 31
256 3
831 9
176 41
742 15
839 39
569 38
567 30
833 8
483 50
380 30
298 7
901 36
571 28
962 47
931 28
989 1
592 16
484 37
178 22
626 20
380 22
123 48
424 19
204 47
232 50
912 2
430 38
812 12
829 33
508 35
61 34
923 42
643 50
400 35
806 20
563 18
411 40
364 14
99 47
205 27
920 25
891 2
907 30
384 25
233 1
308 9
489 42
112 48
759 26
921 5
693 19
243 13
573 31
723 36
672 27
324 45
538 37
611 30
739 46
691 9
791 33
394 40
567 30
914 28
486 30
385 6
606 21
241 18
632 9
905 25
767 13
674 43
846 30
146 29
917 29
757 50
968 36
231 44
808 36
115 2
336 46
551 24
801 46
518 16
334 24
884 30
529 36
782 23
324 26
616 44
489 6
500 10
667 20
554 13
346 33
154 23
155 33
620 33
918 18
328 30
94 46
22 23
381 23
48 36
237 11
467 49
567 2
618 19
128 45
763 9
703 8
527 4
137 26
662 3
462 38
641 33
281 12
150 4
179 30
424 9
240 48
37 16
336 24
262 16
312 43
730 14
463 37
331 37
505 43
175 10
431 34
824 16
365 8
589 10
691 1
319 24
909 45
101 12
883 19
216 49
634 10
847 38
432 2
461 14
372 1
926 42
444 32
774 6
484 45
42 36
622 6
212 8
181 27
411 12
400 33
985 24
454 10
819 16
876 36
445 13
48 20
835 10
202 31
769 27
773 1
20 42
451 12
87 45
390 41
79 2
256 36
911 46
228 37
765 14
962 10
851 29
655 32
479 38
50 38
683 47
929 24
790 26
122 40
465 9
562 39
242 23
402 3
172 14
596 14
389 37
290 26
776 29
728 40
433 27
405 11
35 39
294 32
989 49
451 40
840 33
432 37
227 13
982 12
432 20
623 10
508 31
621 2
210 25
11 45
345 34
498 1
490 8
62 27
339 28
151 27
46 40
753 2
162 36
420 28
785 37
12 19
177 30
458 25
347 22
401 3
879 31
994 48
430 48
680 35
494 15
557 14
978 46
867 40
968 21
188 32
809 38
155 17
876 44
721 26
555 19
441 10
172 30
715 2
329 33
437 3
89 28
157 13
989 33
64 15
43 13
951 44
215 10
221 5
285 31
666 47
608 2
251 37
135 22
223 28
882 48
523 3
785 22
615 22
573 26
768 45
589 33
588 14
219 44
433 48
797 37
326 28
676 33
271 41
824 44
869 43
585 21
540 49
440 4
580 11
212 28
425 18
790 9
323 1
246 45
831 28
474 15
763 6
54 13
990 9
327 12
326 38
951 33
351 8
541 48
371 3
993 45
301 6
804 11
101 28
270 15
63 45
190 39
587 46
982 20
6 2
269 44
1000 45
147 27
693 21
368 30
324 11
429 5
395 32
649 21
360 11
933 41
705 30
761 36
542 10
525 36
114 5
936 16
125 6
421 7
676 12
881 13
984 31
103 31
443 44
964 36
542 28
50 39
694 8
705 36
818 28
930 41
727 17
482 39
996 9
133 37
318 22
561 10
77 42
38 34
765 43
397 25
959 14
918 30
349 35
920 13
713 31
781 17
286 46
419 36
621 15
492 22
114 10
535 13
325 21
925 35
154 28
924 16
1 35
128 22
726 13
565 35
594 32
86 46
232 29
337 6
617 41
665 41
761 22
35 20
807 34
505 31
153 21
922 3
774 5
280 43
546 25
384 30
725 47
710 29
316 10
454 15
103 35
580 4
953 44
965 44
20 49
876 23
906 16
614 13
501 28
134 36
672 41
610 12
227 24
963 40
67 5
17 31
455 6
309 15
876 14
614 38
650 21
485 30
582 36
960 7
422 50
986 20
296 6
417 38
595 22
431 24
267 13
771 1
417 40
413 21
985 19
469 34
851 4
732 24
251 17
921 9
489 43
133 28
554 17
471 12
421 8
698 40
686 17
794 43
462 19
523 9
961 16
290 48
190 42
505 14
603 35
551 40
95 20
534 20
582 22
244 2
601 4
898 36
883 11
768 46
301 28
327 31
378 49
749 39
812 37
277 44
149 12
412 12
767 10
413 44
253 23
582 31
191 48
33 42
402 45
820 11
718 46
657 35
774 11
703 34
908 7
751 40
474 46
143 35
305 41
35 40
702 35
423 16
16 13
70 50
724 38
958 8
145 3
178 48
500 6
527 31
269 40
911 9
817 21
521 22
854 27
543 17
921 15
158 41
443 20
849 31
320 27
671 11
383 27
417 6
605 32
69 22
802 45
989 10
377 32
25 28
980 17
1 14
15 15
147 21
89 29
307 42
222 44
998 31
607 18
14 7
143 9
841 34
200 32
858 47
901 47
527 45
381 11
905 25
775 37
103 17
584 40
427 21
878 10
971 50
713 42
353 33
748 31
780 28
577 48
949 16
682 13
379 23
833 44
815 45
217 2
753 25
210 12
25 5
433 49
190 4
813 39
83 8
147 2
133 42
516 7
46 38
882 23
197 14
950 41
180 42
85 43
201 25
702 10
157 45
637 21
360 11
28 8
347 24
373 25
668 50
753 9
718 44
276 49
486 6
566 28
207 18
923 12
607 33
364 42
416 17
885 27
776 23
565 31
145 22
72 38
361 5
760 10
715 40
848 49
133 5
632 37
456 22
884 35
619 22
93 16
161 19
270 8
134 46
664 22
173 11
870 25
717 40
218 36
143 30
142 3
170 10
404 25
72 47
895 47
806 25
679 39
584 14
793 4
490 39
981 44
528 37
566 11
775 9
798 25
537 11
439 34
902 9
147 36
797 36
980 49
111 10
628 4
733 24
943 49
581 4
301 30
97 18
801 33
175 2
300 50
18 2
162 17
199 2
235 39
185 1
716 21
270 4
460 43
352 35
663 30
733 6
454 42
776 45
29 3
941 24
620 41
625 37
183 5
215 18
718 9
68 30
198 37
300 32
69 34
898 13
666 16
557 10
531 37
573 44
636 18
242 46
295 21
493 20
103 2
293 50
963 47
756 7
898 22
352 36
153 6
138 20
686 30
2 8
937 19
1 2
749 9
197 44
324 2
865 26
280 42
818 14
683 2
915 21
440 9
274 40
543 20
673 8
517 47
693 2
393 46
243 34
913 32
646 36
699 24
682 18
252 4
933 42
141 21
736 43
184 12
898 6
975 18
141 28
414 40
31 5
828 11
323 34
38 39
701 9
948 17
274 8
82 30
726 37
697 27
579 39
627 31
993 39
370 40
464 42
297 26
991 4
505 11
713 20
158 16
75 24
88 7
320 22
251 43
13 16
551 10
581 2
200 13
421 40
71 35
673 29
503 17
62 35
337 33
222 41
304 46
191 11
998 16
132 33
198 30
778 3
399 48
84 30
167 36
384 47
134 14
472 40
199 32
98 6
962 33
17 22
285 2
649 22
246 49
598 22
858 25
406 9
602 14
114 11
457 23
690 39
743 41
742 45
745 5
341 31
254 41
482 41
763 20
898 14
737 16
639 47
818 46
552 34
47 12
7 36
149 15
841 11
395 46
898 4
917 38
958 1
196 13
113 28
580 19
224 8
13 28
454 7
171 35
768 10
214 9
745 46
387 10
815 37
656 50
532 19
428 22
942 29
885 4
423 50
127 33
117 32
404 25
347 30
559 45
567 26
1000 50
922 18
251 2
811 33
768 22
308 25
828 24
731 50
335 21
866 4
85 42
288 26
525 50
942 4
213 33
843 23
771 37
769 16
325 49
221 5
795 18
210 43
904 26
335 14
780 28
77 8
716 4
58 5
553 34
40 40
29 36
974 10
993 26
70 36
650 21
894 10
559 42
591 1
301 18
777 39
43 41
101 2
942 21
865 30
574 48
560 19
647 26
663 5
826 36
209 48
241 16
820 35
62 43
738 8
476 43
1 34
901 47
436 13
626 21
87 11
822 15
718 9
132 37
135 36
492 44
563 49
482 14
441 20
207 46
180 27
998 44
776 31
224 5
704 47
641 39
891 26
360 40
147 38
51 12
909 47
97 2
499 8
862 14
29 18
850 13
547 48
402 21
509 29
286 45
228 11
953 5
846 28
981 33
725 15
988 17
57 17
992 10
561 7
668 33
374 48
32 25
585 27
161 32
864 3
678 16
453 38
332 42
662 27
227 25
942 31
416 25
979 47
665 39
822 45
164 23
862 30
832 48
141 29
329 20
145 31
936 2
893 45
969 48
365 46
748 11
341 26
877 1
659 33
452 5
425 20
502 4
828 16
482 44
215 34
900 34
825 5
413 27
850 35
241 47
850 46
991 49
731 4
853 33
90 49
474 14
210 46
178 47
40 34
438 14
720 48
513 20
279 50
212 35
990 19
274 36
622 27
365 17
150 16
391 41
279 46
354 50
537 23
561 3
323 19
388 33
647 49
624 25
899 48
405 10
889 46
150 30
863 45
621 3
208 3
300 3
482 31
220 45
166 7
962 14
668 14
13 7
124 3
794 7
261 34
384 12
457 48
172 34
87 43
838 18
953 39
627 16
779 30
81 13
250 48
365 32
467 13
96 40
7 16
894 42
550 43
158 34
288 45
973 8
645 30
67 41
895 2
971 43
403 46
560 43
844 15
731 12
232 5
526 47
377 39
332 47
948 46
238 2
981 44
919 48
562 8
585 18
876 30
215 5
121 11
192 26
668 28
931 13
251 12
541 27
896 18
260 31
273 32
16 12
945 36
812 16
604 29
330 38
415 27
836 30
805 21
284 40
147 49
245 9
509 38
967 36
758 36
375 40
381 46
372 39
298 49
499 3
29 44
69 34
456 27
820 2
488 49
233 35
144 41
97 8
581 19
347 22
683 46
715 42
222 31
675 30
290 11
669 46
4 36
266 36
23 48
422 24
385 4
761 30
931 49
271 19
467 43
345 44
21 22
947 29
166 7
300 5
192 29
696 49
930 25
65 32
437 33
938 48
263 38
691 35
788 33
96 50
688 6
938 11
886 46
948 7
860 30
655 3
917 23
750 29
982 19
251 18
449 15
488 27
173 49
383 29
595 26
443 22
443 9
660 17
853 10
967 26
601 27
524 18
583 10
742 30
839 19
287 33
867 46
73 20
328 1
254 33
737 4
896 28
748 40
618 40
994 37
477 45
387 2
780 4
928 33
745 14
208 20
165 20
763 37
476 49
186 20
974 33
981 23
280 8
259 34
457 1
126 34
757 48
868 2
573 48
447 8
37 31
110 32
357 41
914 16
81 2
874 32
153 23
175 27
634 14
840 3
866 37
328 1
712 5
515 22
658 37
701 37
740 39
611 27
296 47
607 35
937 15
160 22
630 10
64 48
382 15
292 27
758 32
224 13
892 21
1000 22
552 30
104 1
157 26
813 15
437 35
930 45
210 11
492 8
782 9
126 18
668 30
990 12
652 16
174 13
875 35
396 48
961 23
642 21
689 23
239 14
780 15
356 39
494 43
695 42
944 22
171 30
700 27
319 36
804 36
123 7
540 37
214 9
395 24
274 17
334 36
582 4
389 45
259 31
828 12
448 15
804 37
463 40
39 32
925 39
119 1
149 17
583 29
678 45
704 1
577 41
646 10
140 35
81 23
641 27
469 48
831 16
570 25
632 36
596 40
146 46
228 49
710 6
349 20
204 6
384 43
645 28
832 3
896 14
383 22
261 24
120 35
213 17
146 32
544 45
187 8
285 3
987 18
734 16
477 21
961 30
745 21
168 11
245 5
738 24
343 47
120 5
68 40
240 28
261 18
638 16
253 16
174 15
276 7
627 27
727 30
292 27
141 9
817 22
411 15
762 41
498 43
360 32
588 1
146 40
354 17
218 7
233 8
38 36
240 7
631 9
347 43
805 31
507 35
801 39
684 2
337 21
870 14
15 23
85 35
131 26
41 49
989 5
343 35
155 8
165 24
65 2
