50 1000
1 1 1 1 1 1 1 1 1 1 1 1 1 1 1 1 1 1 1 1 1 1 1 1 1 1 1 1 1 1 1 1 1 1 1 1 1 1 1 1 1 1 1 1 1 1 1 1 1 1 1 1 1 1 1 1 1 1 1 1 1 1 1 1 1 1 1 1 1 1 1 1 1 1 1 1 1 1 1 1 1 1 1 1 1 1 1 1 1 1 1 1 1 1 1 1 1 1 1 1 1 1 1 1 1 1 1 1 1 1 1 1 1 1 1 1 1 1 1 1 1 1 1 1 1 1 1 1 1 1 1 1 1 1 1 1 1 1 1 1 1 1 1 1 1 1 1 1 1 1 1 1 1 1 1 1 1 1 1 1 1 1 1 1 1 1 1 1 1 1 1 1 1 1 1 1 1 1 1 1 1 1 1 1 1 1 1 1 1 1 1 1 1 1 1 1 1 1 1 1 1 1 1 1 1 1 1 1 1 1 1 1 1 1 1 1 1 1 1 1 1 1 1 1 1 1 1 1 1 1 1 1 1 1 1 1 1 1 1 1 1 1 1 1 1 1 1 1 1 1 1 1 1 1 1 1 1 1 1 1 1 1 1 1 1 1 1 1 1 1 1 1 1 1 1 1 1 1 1 1 1 1 1 1 1 1 1 1 1 1 1 1 1 1 1 1 1 1 1 1 1 1 1 1 1 1 1 1 1 1 1 1 1 1 1 1 1 1 1 1 1 1 1 1 1 1 1 1 1 1 1 1 1 1 1 1 1 1 1 1 1 1 1 1 1 1 1 1 1 1 1 1 1 1 1 1 1 1 1 1 1 1 1 1 1 1 1 1 1 1 1 1 1 1 1 1 1 1 1 1 1 1 1 1 1 1 1 1 1 1 1 1 1 1 1 1 1 1 1 1 1 1 1 1 1 1 1 1 1 1 1 1 1 1 1 1 1 1 1 1 1 1 1 1 1 1 1 1 1 1 1 1 1 1 1 1 1 1 1 1 1 1 1 1 1 1 1 1 1 1 1 1 1 1 1 1 1 1 1 1 1 1 1 1 1 1 1 1 1 1 1 1 1 1 1 1 1 1 1 1 1 1 1 1 1 1 1 1 1 1 1 1 1 1 1 1 1 1 1 1 1 1 1 1 1 1 1 1 1 1 1 1 1 1 1 1 1 1 1 1 1 1 1 1 1 1 1 1 1 1 1 1 1 1 1 1 1 1 1 1 1 1 1 1 1 1 1 1 1 1 1 1 1 1 1 1 1 1 1 1 1 1 1 1 1 1 1 1 1 1 1 1 1 1 1 1 1 1 1 1 1 1 1 1 1 1 1 1 1 1 1 1 1 1 1 1 1 1 1 1 1 1 1 1 1 1 1 1 1 1 1 1 1 1 1 1 1 1 1 1 1 1 1 1 1 1 1 1 1 1 1 1 1 1 1 1 1 1 1 1 1 1 1 1 1 1 1 1 1 1 1 1 1 1 1 1 1 1 1 1 1 1 1 1 1 1 1 1 1 1 1 1 1 1 1 1 1 1 1 1 1 1 1 1 1 1 1 1 1 1 1 1 1 1 1 1 1 1 1 1 1 1 1 1 1 1 1 1 1 1 1 1 1 1 1 1 1 1 1 1 1 1 1 1 1 1 1 1 1 1 1 1 1 1 1 1 1 1 1 1 1 1 1 1 1 1 1 1 1 1 1 1 1 1 1 1 1 1 1 1 1 1 1 1 1 1 1 1 1 1 1 1 1 1 1 1 1 1 1 1 1 1 1 1 1 1 1 1 1 1 1 1 1 1 1 1 1 1 1 1 1 1 1 1 1 1 1 1 1 1 1 1 1 1 1 1 1 1 1 1 1 1 1 1 1 1 1 1 1 1 1 1 1 1 1 1 1 1 1 1 1 1 1 1 1 1 1 1 1 1 1 1 1 1 1 1 1 1 1 1 1 1 1 1 1 1 1 1 1 1 1 1 1 1 1 1 1 1 1 1 1 1 1 1 1 1 1 1 1 1 1 1 1 1 1 1 1 1 1 1 1 1 1 1 1 1 1 1 1 1 1 1 1 1 1 1 1 1 1 1 1 1 1 1 1 1 1 1 1 1 1 1 1 1 1 1 1 1 1 1 1 1 1 1 1 1 1 1 1 1 1 1 1 1 1 1 1 1 1 1 1 1 1 1 1 1 1 1 1 1 1 1 1 1 1 1 1 1 1 1 1 1 1 1 1 1 1 1 1 1 1 1 1 1 1 1 1 1 1 1 10000
41 230
41 51
31 429
10 179
37 680
3 503
26 353
39 741
5 303
46 213
28 254
48 860
21 892
29 748
36 430
9 890
13 657
10 871
38 185
5 200
7 341
39 438
31 504
21 175
28 642
33 763
16 390
20 487
10 553
40 94
10 865
8 291
21 900
16 352
26 588
37 90
21 266
26 946
18 568
27 29
19 950
14 397
37 477
15 351
21 367
38 235
28 709
3 207
23 255
40 868
34 288
38 711
23 824
2 153
15 824
16 576
3 545
11 452
8 21
26 387
28 853
1 589
2 801
19 824
32 843
8 133
46 429
24 489
49 733
15 69
23 432
20 503
11 373
48 879
21 630
37 603
38 186
35 43
21 590
12 301
15 175
49 218
8 745
29 47
8 251
44 549
35 665
7 778
31 297
10 390
38 6
13 143
35 937
39 525
26 818
32 550
20 331
24 179
32 318
23 418
46 458
7 698
39 114
4 26
33 229
48 466
8 311
26 263
1 503
40 92
13 943
39 772
40 256
3 889
43 627
48 480
6 512
35 371
47 603
21 237
12 234
28 625
32 352
42 220
13 318
40 695
47 853
41 174
21 732
40 427
10 776
3 667
47 31
37 423
30 356
47 621
19 967
34 805
14 482
28 309
42 573
1 126
38 954
12 988
23 761
41 209
17 294
26 226
28 990
49 945
24 966
5 513
40 700
5 374
44 179
11 338
6 244
31 481
38 456
49 430
16 150
33 443
11 283
44 270
36 645
13 390
14 872
37 850
1 809
6 218
25 661
1 772
1 179
18 104
28 934
36 621
40 540
41 866
11 729
48 909
48 813
16 752
43 546
21 287
37 375
17 403
26 655
8 250
1 315
2 308
29 52
17 192
19 658
11 981
3 128
46 961
15 197
40 534
2 812
24 688
5 949
10 408
49 338
21 324
22 235
32 316
14 138
29 759
12 104
24 740
37 846
4 193
19 461
39 888
22 230
17 685
49 211
20 481
6 532
1 402
28 531
12 376
31 545
17 938
33 406
13 999
11 613
16 502
48 669
29 822
28 713
22 22
31 289
6 159
2 39
43 548
22 539
36 161
30 192
17 145
7 532
10 895
24 292
33 134
47 925
44 689
43 588
1 412
40 408
18 192
8 866
22 731
24 268
19 950
5 359
34 45
46 27
29 363
41 763
50 851
16 974
16 632
7 280
47 158
19 302
12 286
46 94
5 126
42 773
26 287
21 222
46 765
14 482
14 467
15 323
27 260
24 575
16 395
30 883
9 876
32 526
25 352
25 393
5 813
1 750
9 892
33 318
49 914
9 809
20 279
42 498
23 538
40 753
33 26
15 287
45 166
13 957
36 175
19 317
22 393
36 823
13 174
15 422
35 506
33 121
40 16
48 146
17 123
48 530
35 670
46 163
13 701
17 596
29 554
20 745
3 745
9 25
10 203
2 822
38 991
14 224
16 733
30 987
7 465
32 436
50 126
38 295
14 88
8 548
40 769
35 462
14 13
46 331
36 246
8 391
22 56
23 336
15 574
2 835
19 803
36 246
31 914
10 12
29 431
7 724
10 132
45 258
13 21
10 445
8 212
29 511
28 589
10 577
4 971
41 20
26 138
11 512
8 651
6 177
50 875
19 581
42 683
50 415
31 249
30 447
13 454
34 624
42 31
25 73
11 389
21 653
48 740
32 779
50 567
40 966
1 674
8 285
2 951
42 292
13 162
10 906
36 229
44 33
4 613
35 314
10 787
40 302
5 155
6 597
22 552
29 243
33 582
4 318
24 359
50 762
7 743
21 253
8 848
28 323
37 511
11 459
21 101
30 479
7 566
29 528
42 701
38 33
38 839
18 943
49 3
45 495
15 289
11 568
24 135
45 757
6 477
19 804
23 963
3 393
32 182
13 132
10 431
17 550
21 123
3 417
28 588
23 221
40 174
26 995
41 683
4 78
27 32
4 405
19 230
37 523
6 385
21 471
23 52
10 501
47 20
50 650
7 1000
44 539
39 760
3 479
39 59
46 769
25 31
9 751
47 844
11 629
34 825
47 923
23 246
38 563
23 969
18 108
42 593
11 890
26 246
3 43
43 111
29 611
17 730
16 929
48 920
43 944
16 341
4 359
47 900
42 577
36 834
44 846
16 255
29 848
27 768
20 575
1 407
32 638
15 985
35 715
3 863
18 835
23 198
47 115
12 543
44 816
45 183
9 368
16 896
50 455
7 343
36 412
21 660
17 681
3 269
10 22
10 2
5 702
2 738
24 568
49 558
40 135
3 569
25 371
38 846
18 926
33 217
43 744
6 484
26 988
19 724
2 304
29 330
40 633
27 99
39 93
11 968
29 479
4 423
32 798
30 800
36 678
15 128
31 597
25 498
32 215
44 832
28 99
6 542
9 316
38 920
1 802
19 56
49 54
38 161
43 185
11 70
37 261
5 956
48 98
50 59
6 155
37 337
38 879
32 879
22 992
16 570
32 631
16 27
32 454
10 896
21 780
50 745
49 493
42 379
1 744
40 792
38 711
38 93
1 770
4 907
26 476
25 527
4 308
30 131
20 326
5 538
28 720
19 543
50 845
15 903
32 861
31 906
19 507
6 318
18 246
10 692
26 344
1 585
17 946
13 767
5 934
19 737
16 476
10 706
5 550
36 383
15 651
17 112
27 320
47 467
34 970
23 825
12 461
14 23
41 832
4 935
5 255
26 244
34 744
28 769
27 22
34 675
47 209
1 490
14 132
29 21
44 798
22 779
23 2
30 194
36 127
5 387
1 880
21 988
47 124
18 533
50 583
5 12
21 408
48 361
34 177
12 714
27 114
9 584
6 79
47 80
47 581
49 276
8 833
34 368
29 369
12 997
40 392
25 600
13 254
23 268
25 518
2 668
41 983
22 874
3 52
40 659
46 644
29 329
42 978
8 656
50 350
50 953
47 818
31 569
49 461
37 203
33 884
35 794
49 916
33 776
14 745
41 146
40 923
25 282
45 428
12 652
39 179
47 489
5 627
2 639
44 132
33 102
29 905
44 244
13 345
45 395
11 751
7 630
4 170
1 215
26 413
34 972
31 392
32 13
44 309
14 608
39 956
22 566
33 335
21 515
20 927
3 705
23 973
7 134
10 842
34 201
25 975
44 97
28 334
15 430
2 911
29 486
2 875
26 89
3 374
26 782
40 900
17 76
41 347
29 105
2 497
12 919
19 474
47 426
26 75
20 683
12 818
40 40
46 123
38 681
6 396
8 381
9 706
30 723
40 26
25 658
9 289
42 649
7 380
48 527
48 401
50 228
11 340
40 262
9 540
42 14
45 531
40 312
7 217
31 919
40 1
37 654
43 578
39 104
9 487
49 744
19 920
16 194
19 407
28 657
37 84
46 390
28 362
26 960
44 503
22 918
23 72
6 447
46 202
14 298
17 674
4 278
11 86
20 484
29 562
27 847
19 741
3 83
40 929
11 932
2 302
49 690
24 823
25 803
34 443
16 777
36 781
20 552
34 53
24 449
35 182
38 290
50 725
14 796
9 392
3 732
50 637
18 874
19 326
25 277
47 740
16 532
5 9
26 142
41 164
13 76
1 393
14 762
14 671
7 665
1 96
2 1000
24 948
20 934
23 374
10 794
35 389
21 868
36 221
48 81
35 60
10 738
38 773
23 373
47 192
13 331
48 352
34 49
21 251
2 687
24 430
36 380
47 447
3 439
25 921
20 55
14 547
47 565
41 41
44 565
7 306
30 113
46 280
37 397
19 723
46 924
14 102
44 801
25 865
30 47
7 397
29 274
50 267
34 92
32 134
27 433
46 316
30 251
37 552
5 478
26 907
3 541
35 495
2 292
4 387
33 363
34 474
6 770
36 691
6 383
31 114
34 281
4 366
2 545
36 617
21 492
29 435
10 154
3 760
31 922
17 309
50 28
39 567
13 637
10 100
36 463
1 567
8 614
4 208
45 972
23 162
35 589
5 516
3 4
12 329
1 533
10 127
20 793
9 692
8 613
27 420
8 378
21 868
8 623
8 483
50 226
50 603
30 731
45 692
10 898
33 34
22 444
35 74
32 401
11 393
28 345
44 493
28 74
1 26
32 924
20 942
30 885
6 413
44 957
13 261
1 700
10 651
22 263
37 69
42 103
12 470
21 185
37 750
9 703
11 391
20 413
49 185
24 645
28 606
29 188
23 703
47 994
38 21
47 334
40 937
44 328
49 188
20 757
46 487
40 39
26 981
9 138
22 212
5 400
46 864
6 54
15 944
39 637
37 903
17 298
49 924
7 990
1 562
16 998
22 129
41 668
11 483
24 4
31 240
9 952
27 58
30 837
40 122
19 676
28 249
39 970
31 720
13 424
24 873
12 59
28 587
34 61
18 881
5 714
28 500
3 404
33 357
46 720
1 332
42 943
48 108
23 206
49 44
47 62
50 999
29 180
32 685
22 746
33 800
12 508
36 968
41 276
28 824
24 839
48 334
5 214
28 974
22 974
2 752
46 208
18 542
6 362
16 359
22 91
23 463
24 243
22 260
3 497
6 210
6 955
6 496
16 178
37 537
47 875
47 421
45 79
38 885
22 923
47 474
24 617
31 566
22 102
12 889
26 466
19 974
30 627
20 19
7 618
2 821
26 708
35 905
35 986
13 836
13 945
18 165
36 915
3 861
18 733
17 886
11 159
31 497
35 959
22 14
16 854
27 872
21 201
32 958
47 273
22 836
21 547
41 280
9 929
11 909
7 672
15 571
14 480
17 933
44 943
10 633
48 662
37 804
29 426
14 428
36 932
25 708
1 66
26 491
30 796
36 525
7 455
34 688
46 542
33 681
3 620
38 277
18 659
45 520
4 704
2 441
36 172
28 396
20 933
44 407
29 411
31 133
24 803
21 270
37 839
31 237
7 796
7 193
36 708
9 340
36 770
6 759
11 520
32 100
16 571
10 858
32 398
4 285
43 163
39 340
45 533
50 921
24 674
6 860
7 793
33 537
13 784
21 189
28 912
42 757
45 599
14 167
28 917
33 926
31 847
18 42
1 528
43 742
40 739
47 489
14 826
7 973
27 706
6 731
1 556
24 957
40 550
26 123
50 496
47 823
4 520
34 393
38 14
10 731
19 904
3 181
33 568
24 322
24 913
29 378
3 373
16 502
22 562
39 743
10 1000
29 200
48 797
48 119
37 921
20 704
19 178
22 930
12 929
35 696
17 244
48 841
7 794
5 592
33 226
2 348
46 796
43 921
46 94
5 110
27 264
13 742
22 480
24 599
25 432
22 93
32 875
25 632
29 979
8 697
43 38
19 257
39 268
41 267
27 947
8 621
1 3
37 659
17 403
11 76
31 282
14 483
2 870
47 303
41 857
33 195
41 694
40 983
12 873
48 373
39 20
46 165
34 299
41 201
30 665
25 746
45 8
20 841
24 270
9 174
16 970
2 717
25 75
36 236
1 833
13 31
12 186
34 188
44 415
26 327
23 636
18 23
49 419
6 295
24 442
12 246
42 272
24 56
10 636
24 322
32 782
28 513
40 76
13 996
34 159
33 518
21 235
19 229
36 714
40 614
20 650
14 774
30 938
41 298
5 889
44 600
30 648
2 332
3 930
27 164
26 227
46 212
37 294
32 267
9 974
23 628
30 630
17 382
41 841
49 109
38 747
28 367
8 581
27 743
15 549
35 365
22 68
49 955
1 510
32 106
20 261
15 891
3 631
38 471
36 547
14 928
1 424
43 525
28 711
13 26
22 740
17 981
33 912
14 907
44 282
47 761
33 297
16 179
4 140
25 736
36 546
8 219
3 762
8 732
46 445
3 829
9 535
49 478
22 145
20 578
47 986
41 128
42 1
22 154
42 829
3 817
20 862
31 271
35 169
35 115
11 751
2 865
27 982
38 719
21 831
22 154
27 350
8 543
40 694
11 954
3 218
35 578
1 189
30 619
47 859
2 378
4 405
10 949
28 242
17 225
39 408
34 834
35 535
30 926
12 326
7 762
47 684
29 620
1 553
10 407
35 98
22 674
45 56
3 185
15 577
50 570
46 870
43 842
16 988
1 326
34 211
37 490
41 890
13 373
2 89
3 51
18 197
2 722
36 175
32 309
10 461
13 820
42 312
31 562
28 821
24 214
37 212
1 691
45 236
22 895
19 269
27 632
7 428
12 66
50 386
24 226
15 382
43 927
30 358
42 891
32 634
19 734
10 410
30 971
8 306
12 826
12 829
19 140
12 439
36 562
48 314
41 655
9 754
5 241
45 73
29 788
48 876
7 95
45 43
10 764
12 213
11 76
34 50
7 409
5 335
13 19
4 918
9 756
3 787
15 260
30 912
5 269
45 841
36 71
18 33
19 574
46 476
7 991
30 35
8 391
1 363
1 196
10 350
31 521
31 664
40 54
23 395
5 182
1 643
40 392
47 995
47 863
39 615
22 546
40 200
41 252
24 691
33 277
3 530
34 327
49 737
24 642
20 810
3 512
6 986
38 945
13 474
28 465
48 198
34 805
20 865
24 610
35 184
48 974
26 810
6 197
12 663
47 213
47 558
23 362
37 972
21 211
43 908
12 251
46 234
40 145
5 967
35 672
31 856
32 744
43 671
25 227
45 760
38 505
33 157
21 716
25 827
36 381
3 651
50 429
48 226
6 917
20 865
47 630
44 309
11 466
44 784
20 329
36 174
42 381
7 177
32 599
21 782
43 359
20 62
28 8
44 206
17 609
1 567
39 909
24 526
46 620
34 741
2 664
37 601
26 313
21 690
11 233
13 934
14 881
49 477
49 82
27 774
24 605
50 145
19 52
11 4
4 342
26 751
21 855
29 687
33 973
1 614
18 484
29 417
37 787
38 745
22 525
40 283
11 881
3 312
43 931
7 422
46 521
14 932
47 478
31 306
14 314
8 87
44 287
29 417
7 694
39 857
23 129
13 188
4 566
29 539
50 26
6 747
11 915
44 278
33 301
7 753
18 895
13 292
49 203
4 373
41 25
14 533
36 756
2 801
6 843
23 570
18 546
48 670
20 151
45 757
26 429
16 788
29 284
22 309
1 511
21 917
13 716
4 501
3 128
50 618
41 88
32 998
45 729
46 548
28 482
14 463
40 253
12 444
22 985
38 419
1 2
38 778
6 472
32 34
49 12
37 680
9 814
16 813
29 186
41 63
47 909
47 846
11 549
31 519
1 567
31 837
26 551
46 363
17 587
16 971
45 784
49 778
8 44
15 649
16 2
25 982
31 513
42 937
13 805
6 983
34 429
23 123
9 747
13 576
18 127
47 512
47 28
14 352
12 722
26 985
24 226
28 601
29 837
42 288
42 558
44 172
18 403
35 941
19 304
19 961
19 347
26 185
6 385
36 146
25 224
39 494
16 387
25 672
8 74
28 604
20 967
43 412
40 633
48 940
9 141
44 391
12 416
27 391
15 102
35 585
38 247
13 742
29 228
11 748
14 806
40 971
37 184
3 201
22 56
9 950
32 946
10 953
30 381
24 833
4 11
32 612
35 733
25 699
41 230
4 668
27 291
10 63
48 913
43 562
40 255
24 789
40 223
33 383
10 922
11 799
39 921
23 787
19 132
31 917
24 847
2 496
50 456
3 255
44 795
12 351
17 718
29 753
20 605
20 289
40 255
23 529
3 583
41 958
23 356
9 778
21 193
16 617
40 310
40 308
43 549
44 169
36 501
24 944
44 323
19 464
39 588
33 472
48 509
7 158
3 923
38 988
6 243
2 429
27 299
11 213
36 783
9 766
37 149
22 524
16 177
24 722
5 738
45 595
2 355
27 602
29 939
33 593
4 229
43 206
19 273
24 482
45 97
9 960
17 29
24 780
5 368
26 593
40 64
18 786
37 561
27 386
10 963
26 276
48 440
14 628
41 287
42 403
4 348
26 303
2 269
6 840
36 30
8 525
18 422
7 605
7 640
13 942
22 227
25 346
2 131
29 589
34 413
48 760
38 983
4 337
40 254
2 889
49 885
42 764
3 493
18 773
22 279
46 887
26 156
38 5
14 990
20 395
8 580
8 706
38 858
38 608
30 446
15 718
47 532
25 944
47 171
29 17
15 454
13 836
41 693
38 332
49 409
32 805
1 875
12 216
4 749
14 619
23 575
10 815
32 276
6 736
41 178
26 41
10 710
7 701
20 734
16 647
30 869
36 787
50 714
25 410
16 17
48 346
21 120
49 524
30 403
31 581
49 506
4 461
46 830
18 451
40 743
41 366
15 280
50 397
8 41
32 897
37 709
21 638
14 218
11 142
23 251
32 141
48 737
24 630
47 630
28 556
6 936
1 242
26 812
12 308
19 361
25 603
16 137
38 734
16 419
4 691
35 84
3 650
50 313
18 898
29 798
10 578
35 370
22 682
4 409
3 127
23 577
2 978
49 37
27 538
49 421
6 165
36 468
19 659
31 137
9 68
26 478
32 740
25 764
7 38
39 837
12 662
43 737
8 110
22 650
14 50
5 503
34 156
45 389
11 760
17 257
48 1
32 287
29 971
48 422
22 558
30 426
45 922
32 601
8 597
48 615
20 566
45 802
1 158
38 438
39 26
30 761
35 442
41 88
50 573
3 481
16 443
6 847
20 873
18 530
48 393
6 300
36 855
31 668
10 965
25 439
38 896
36 994
50 536
12 865
39 28
8 884
20 844
34 52
26 53
35 259
50 913
44 153
38 132
49 327
7 656
33 432
26 610
46 99
49 314
27 19
36 983
4 879
12 361
23 882
22 677
42 28
45 109
28 295
40 733
50 482
48 903
25 258
43 64
22 844
25 305
27 421
17 743
42 858
30 403
40 592
12 26
3 701
42 6
47 677
25 395
37 286
25 707
23 356
11 587
40 206
35 827
1 631
43 162
44 318
39 112
36 406
38 667
5 119
33 394
8 435
8 677
10 665
27 19
4 6
46 97
41 615
3 842
27 745
7 122
44 793
34 410
27 500
23 415
13 160
8 451
23 689
13 851
31 373
5 351
44 688
4 485
44 281
20 245
37 187
33 766
38 133
35 424
21 763
1 129
41 730
46 505
30 688
38 365
7 882
37 847
37 11
28 12
31 524
41 405
31 286
6 519
35 434
6 947
13 170
38 350
11 597
36 338
18 671
8 59
11 230
33 228
1 518
6 895
39 742
36 448
24 97
19 459
18 294
5 577
20 489
24 16
32 343
12 648
12 470
38 718
41 603
40 228
18 57
16 535
25 489
41 72
5 260
40 20
40 595
13 692
8 80
45 550
21 810
50 730
18 325
20 949
6 759
17 881
6 533
11 899
9 380
48 804
22 960
5 401
19 680
43 619
39 303
27 536
32 621
41 672
16 325
47 880
28 61
6 323
4 456
46 372
1 607
46 813
44 940
11 411
17 621
46 703
2 495
37 46
9 73
4 842
1 460
33 496
37 658
2 296
34 244
45 872
47 58
46 521
50 320
36 312
41 539
26 711
17 375
48 409
27 524
13 441
34 965
16 596
12 144
41 834
26 728
13 793
16 518
34 274
34 532
28 650
49 705
1 610
43 200
14 640
19 424
18 284
31 861
11 948
28 318
25 312
27 957
10 958
43 850
45 143
4 72
13 256
2 95
38 507
1 720
35 531
17 340
32 579
32 574
1 944
21 164
45 450
6 154
20 751
46 270
18 505
50 165
25 651
45 285
39 407
11 889
20 107
27 144
34 215
48 350
42 376
47 482
42 561
9 934
45 117
20 259
47 902
35 530
48 185
26 251
3 600
3 442
42 974
30 901
26 63
26 688
18 805
12 713
3 340
9 844
17 727
20 599
40 112
32 815
37 348
43 586
45 517
18 875
49 910
23 906
14 483
4 97
44 646
46 112
28 955
38 41
2 517
8 324
11 398
36 349
24 355
47 753
3 854
7 597
5 539
12 895
7 331
45 11
37 300
39 39
23 102
24 247
1 31
8 2
17 528
45 234
22 343
14 264
9 931
8 399
47 147
37 556
42 527
5 116
2 805
50 478
36 558
43 485
12 598
30 671
9 775
39 248
30 254
34 976
38 109
27 129
47 232
17 18
1 376
24 151
22 875
9 950
30 649
23 795
19 737
19 621
43 874
33 471
26 218
37 456
1 827
37 443
14 409
27 320
36 253
49 25
4 29
40 318
16 873
10 505
1 240
24 691
44 689
19 221
30 498
15 256
8 997
28 950
15 718
43 838
44 870
3 364
33 507
8 342
8 462
21 448
19 987
43 65
39 484
2 284
13 191
22 688
31 315
22 80
40 23
21 292
44 92
30 654
23 6
48 406
4 254
18 303
33 451
35 831
26 788
46 963
41 799
9 537
44 78
25 75
1 429
32 995
32 621
42 402
43 20
38 175
29 499
29 918
10 654
2 758
27 784
23 570
30 372
18 337
38 733
15 359
11 119
7 218
22 875
30 949
29 431
18 936
46 676
27 198
37 918
4 525
2 944
31 602
26 253
26 418
8 176
24 498
45 909
46 161
39 70
23 329
29 111
27 297
31 33
45 29
22 803
43 740
16 60
48 401
25 555
36 684
41 56
11 782
49 912
39 664
4 292
3 436
20 634
20 298
23 891
45 389
11 795
39 708
50 405
30 505
29 452
20 189
29 59
29 314
11 590
25 504
15 311
32 985
45 554
11 748
44 641
6 565
26 160
50 91
2 858
6 10
1 602
18 711
38 363
22 143
18 761
33 143
6 702
11 285
6 190
33 814
34 323
50 838
48 49
45 755
37 475
14 802
5 932
31 153
29 87
24 827
15 664
25 864
8 713
49 825
29 878
40 72
15 457
9 150
8 535
14 572
4 288
1 259
36 755
1 155
20 16
26 464
10 52
37 496
48 752
34 782
45 763
50 354
35 923
6 535
46 496
48 884
25 154
8 132
11 605
22 702
48 356
2 837
47 980
18 1000
36 660
24 715
19 11
48 669
46 770
8 33
27 902
7 997
50 920
45 997
50 884
24 401
26 621
23 194
35 375
15 713
28 492
24 737
7 600
43 488
27 933
10 170
25 768
1 582
27 370
48 215
49 239
41 596
16 66
34 456
9 864
28 738
27 48
35 798
3 954
49 403
14 277
10 748
34 958
6 823
7 800
29 672
32 711
47 7
4 700
37 326
1 76
35 564
14 641
13 372
24 999
30 55
41 592
30 126
12 201
18 248
19 99
33 234
36 707
19 450
27 594
48 236
9 141
27 741
29 30
12 194
23 193
3 210
45 368
6 992
29 48
39 322
49 842
21 461
28 98
3 254
8 971
46 450
30 842
8 527
4 935
13 609
30 463
23 550
21 956
45 106
3 19
18 980
10 53
43 615
17 607
34 586
31 666
16 617
50 667
9 777
4 604
45 15
47 313
45 834
39 380
4 493
35 250
35 126
3 356
42 346
47 807
7 214
42 324
46 831
6 280
17 180
6 701
30 630
19 480
39 71
25 841
3 848
41 142
40 321
8 944
49 781
32 500
20 611
18 443
16 582
29 650
44 6
6 395
4 485
23 434
39 563
24 994
23 291
1 14
40 636
23 199
46 928
13 588
21 848
49 942
29 302
46 280
16 769
30 893
47 133
45 217
19 408
33 703
22 286
32 962
14 86
14 484
29 708
20 874
7 589
3 789
33 885
20 266
22 916
15 603
19 188
16 605
18 21
22 872
42 978
37 330
16 50
6 996
38 39
36 547
46 50
8 680
33 597
28 673
17 63
22 38
20 636
46 660
23 915
16 717
36 198
18 207
21 549
14 929
30 443
13 441
33 912
4 504
16 141
49 67
46 963
29 876
14 660
27 664
44 1000
29 367
19 434
28 975
26 289
44 785
38 760
27 226
33 213
21 620
29 933
13 434
12 687
4 639
48 909
6 304
19 582
39 133
22 303
17 988
21 13
43 158
34 340
36 305
17 475
20 164
39 782
30 942
24 139
18 327
5 29
26 508
35 100
12 664
49 731
5 182
18 609
8 656
19 673
32 115
30 970
45 720
13 15
15 221
21 399
14 770
43 614
21 717
29 795
20 254
16 240
6 347
9 886
45 949
2 942
27 410
3 840
1 625
50 760
47 489
17 988
32 722
17 415
35 194
31 434
41 793
29 933
4 133
9 122
50 95
47 731
34 428
20 831
37 38
16 961
26 585
20 441
8 782
7 569
3 731
37 528
4 832
23 203
31 907
31 31
49 453
20 769
13 748
34 526
19 263
21 851
2 189
33 910
19 742
25 610
40 264
50 320
11 619
15 177
20 38
41 740
37 296
22 734
7 279
12 213
5 860
30 708
34 885
13 363
12 226
10 156
21 81
11 199
36 987
23 558
11 692
40 290
31 238
1 852
43 887
10 341
34 270
48 439
19 490
30 177
7 387
41 198
35 351
36 303
38 135
8 741
41 159
33 472
39 265
37 818
45 323
28 589
15 20
35 665
3 939
44 935
46 592
46 641
11 297
6 935
14 951
4 475
12 46
44 886
6 920
32 857
37 203
5 429
32 294
5 667
30 224
46 605
26 105
35 91
14 759
11 327
6 803
3 586
24 833
47 356
19 372
38 496
8 887
36 629
41 573
47 294
3 602
35 491
12 335
19 694
42 970
13 679
20 459
50 225
24 49
48 866
34 563
13 983
18 784
31 741
21 871
19 17
26 775
41 818
50 793
7 361
8 281
37 520
43 640
34 384
49 637
44 73
25 735
50 126
7 149
38 126
40 710
48 781
26 41
6 296
44 367
27 437
28 948
44 105
16 505
6 655
12 253
42 600
36 823
1 925
35 166
49 799
38 801
49 664
16 343
25 303
17 545
7 920
32 235
49 770
19 719
25 431
3 825
36 887
46 292
37 749
18 203
35 720
39 505
44 308
2 602
31 239
34 711
22 324
35 662
11 355
45 312
50 631
20 482
41 327
20 740
18 173
16 421
29 106
3 836
35 976
44 233
6 22
37 562
15 96
28 198
37 461
16 342
32 567
17 726
19 950
12 369
18 277
14 683
4 620
22 348
47 916
27 371
36 190
30 713
32 805
7 330
48 367
38 624
41 128
27 696
10 758
9 698
49 422
48 45
16 350
7 961
11 169
34 987
46 526
12 972
37 105
38 194
22 793
13 62
32 616
43 829
16 822
42 239
5 7
39 43
31 408
4 25
3 590
1 382
27 495
22 732
35 798
12 31
6 755
43 73
27 209
7 334
31 95
17 625
30 920
26 422
20 171
50 998
33 995
10 390
9 687
2 463
9 219
18 544
4 14
44 120
12 674
42 324
11 16
16 39
33 1
19 37
45 781
48 735
48 824
40 42
36 504
24 223
33 369
30 469
48 977
43 619
18 108
28 454
47 297
21 513
42 58
14 256
31 728
10 180
22 478
6 362
7 721
43 172
47 534
38 574
1 844
50 2
50 365
39 77
25 194
29 167
16 620
17 767
41 380
38 517
37 299
48 934
35 386
28 708
30 500
35 419
12 535
15 77
48 647
43 823
20 123
49 826
16 934
29 323
11 647
41 835
3 33
44 951
10 620
21 577
39 466
4 445
45 747
31 949
11 850
40 646
2 293
45 337
20 240
11 571
17 259
48 5
16 632
37 180
38 470
18 714
38 265
39 243
4 711
43 129
37 180
50 441
17 143
16 468
42 643
36 263
39 63
45 811
36 102
43 805
46 344
48 519
33 895
35 173
22 851
15 898
26 735
38 496
21 665
45 683
16 894
18 639
38 707
10 381
10 885
3 435
10 50
48 9
23 286
44 844
48 855
27 46
6 706
10 716
26 180
6 567
27 409
5 796
27 800
26 124
11 148
38 868
1 453
12 222
15 525
26 39
12 268
6 263
41 205
38 996
30 382
9 287
48 860
26 285
7 653
45 271
15 507
3 786
44 520
14 88
33 333
44 230
49 377
25 444
13 768
27 192
14 393
14 411
47 287
45 682
48 114
11 342
38 603
23 781
23 563
1 854
15 220
21 33
13 886
6 717
19 284
42 600
46 652
38 979
21 19
45 715
14 879
2 609
37 523
7 627
10 182
24 257
4 756
11 393
40 460
4 427
29 136
35 469
32 944
48 144
39 935
42 713
44 236
22 337
32 971
8 238
36 498
43 264
23 196
36 964
41 337
19 669
31 844
19 198
49 180
22 1
3 731
43 523
40 282
39 509
2 299
6 149
34 478
28 883
16 213
39 772
31 303
39 99
50 840
27 51
4 592
25 846
33 376
25 729
17 848
20 989
12 764
15 808
50 114
28 610
36 149
17 865
38 677
50 101
5 93
8 700
41 532
10 95
44 837
21 947
2 446
5 826
34 205
24 63
24 190
30 349
25 182
50 249
20 36
4 827
20 994
15 706
7 528
19 381
26 66
44 346
17 165
31 730
46 206
12 835
31 3
28 269
11 903
24 846
9 50
41 374
16 31
17 419
29 381
40 527
25 167
29 733
44 412
5 543
15 391
21 219
24 919
18 289
11 761
13 191
13 337
50 85
7 613
46 185
21 178
15 93
19 684
26 132
50 467
17 816
22 600
21 871
7 509
19 393
14 482
13 412
22 872
49 577
39 90
29 308
35 79
7 847
16 778
24 839
45 946
5 646
47 498
39 544
34 722
22 206
22 156
20 942
17 72
10 784
34 736
18 522
41 253
49 854
4 192
24 319
27 826
2 231
6 964
30 388
44 591
35 759
35 102
18 339
28 79
4 516
6 294
12 85
4 882
29 640
38 470
14 467
44 433
31 981
14 455
24 661
40 429
2 459
30 616
32 293
47 679
38 556
13 53
25 284
25 640
34 536
10 205
16 27
14 345
46 312
21 673
19 722
30 987
34 181
28 699
1 572
23 519
14 688
38 908
31 832
36 359
23 323
41 204
29 439
13 218
45 414
44 516
20 188
48 154
2 226
41 142
27 230
5 424
26 417
27 802
3 479
36 557
48 947
33 555
21 528
10 538
7 361
34 135
43 466
45 200
16 460
25 169
17 877
39 521
21 230
40 938
14 947
39 956
43 806
32 154
16 29
41 491
10 56
24 594
47 587
46 847
12 714
41 332
29 848
43 409
46 375
44 953
49 163
1 739
2 686
30 185
16 94
1 396
34 507
27 462
19 434
23 366
47 356
48 872
29 807
36 859
41 628
16 897
26 759
12 850
6 875
7 977
5 243
29 677
11 770
46 754
43 276
8 494
20 667
24 964
4 875
39 116
13 853
26 849
3 400
30 401
8 539
19 913
9 605
33 767
3 742
46 78
37 331
48 493
27 957
13 536
23 2
14 534
40 939
35 649
50 533
13 569
40 928
15 569
41 467
35 761
38 198
45 890
6 38
44 813
14 292
44 756
12 206
22 368
26 397
43 281
22 846
44 9
35 321
23 282
11 989
18 435
23 858
47 407
33 397
22 501
10 48
18 633
15 15
37 42
9 604
28 34
12 795
47 601
26 511
28 698
18 563
40 429
49 178
23 843
24 664
48 469
30 703
47 486
37 291
1 956
47 406
30 499
10 893
15 570
17 704
25 979
9 94
11 863
38 455
29 752
11 48
39 126
4 227
23 835
45 252
45 639
4 717
35 580
21 979
34 210
46 430
20 389
18 645
19 562
14 480
16 758
23 580
20 63
42 27
13 864
3 393
2 122
11 888
11 46
45 877
42 363
39 128
45 350
33 304
44 693
32 173
13 851
25 292
13 224
35 999
32 494
33 762
8 309
46 543
3 15
22 123
25 77
41 823
42 344
50 359
2 264
4 206
18 401
3 225
44 761
10 207
20 820
6 296
35 216
33 803
3 113
44 630
27 750
29 193
20 10
42 659
16 212
23 92
41 487
19 513
20 51
49 716
3 234
3 681
39 868
1 890
41 139
27 396
28 320
21 416
28 52
2 899
20 32
22 534
15 718
24 614
40 973
44 365
47 200
26 119
10 120
37 575
4 982
3 135
47 746
26 763
26 815
25 431
5 916
29 980
31 996
44 328
10 407
28 2
30 871
44 50
50 708
15 303
1 368
41 823
34 708
43 571
21 161
49 239
4 80
34 431
9 859
32 373
28 969
16 588
18 958
49 352
50 352
8 755
16 323
13 242
6 366
44 174
26 4
40 252
17 685
42 301
1 810
7 807
21 532
48 170
19 533
31 227
36 357
26 628
8 231
29 218
45 961
47 254
21 64
39 189
6 465
25 960
50 409
21 189
23 823
44 668
48 140
1 258
2 298
41 449
41 98
22 318
13 116
22 890
16 603
20 210
20 670
25 655
3 961
22 991
7 378
1 842
38 716
20 333
47 175
14 42
47 534
21 487
21 839
12 858
14 663
20 748
14 828
32 139
16 673
32 125
48 421
8 708
25 820
8 37
2 204
14 80
26 850
44 563
40 51
40 975
1 987
24 777
28 913
2 554
35 425
25 912
22 457
41 283
48 660
29 345
13 538
23 2
4 326
22 44
19 286
22 200
29 919
40 491
4 983
15 414
45 641
37 567
43 84
34 270
25 36
50 881
42 656
13 240
49 938
4 817
10 570
5 557
36 236
30 633
40 701
40 14
4 914
8 602
8 136
32 293
4 397
44 229
46 566
44 970
46 279
8 178
39 903
34 582
44 208
38 852
17 75
44 635
16 882
33 786
16 693
40 185
30 390
11 957
40 460
20 193
45 428
18 968
46 763
37 644
37 325
5 818
4 482
29 788
29 123
23 253
2 401
10 64
28 559
31 74
8 931
17 787
14 353
32 914
30 40
4 350
10 747
20 965
6 353
11 720
25 789
4 341
41 590
36 948
46 768
22 811
43 274
30 619
18 878
11 776
32 989
29 332
23 104
7 484
23 416
39 482
24 646
12 393
48 923
25 997
4 530
16 704
7 817
27 22
20 980
38 170
36 442
31 382
1 638
47 768
25 159
43 431
45 960
46 530
10 657
20 977
13 796
41 754
24 409
48 605
6 186
7 9
13 967
17 5
6 652
27 391
39 622
6 17
49 178
35 719
21 942
41 274
28 822
10 680
1 392
22 937
9 824
15 595
12 845
31 584
32 578
3 259
19 566
5 655
30 76
11 767
27 956
28 847
41 408
49 250
49 408
22 505
39 79
2 635
35 707
38 31
41 129
17 483
10 190
6 57
4 487
46 165
23 442
8 64
14 131
26 560
26 272
44 213
36 853
28 534
42 41
49 394
49 767
44 368
37 406
21 847
36 82
39 38
48 49
34 637
42 126
6 586
24 201
49 822
5 844
8 197
23 160
20 194
20 510
22 424
28 567
11 250
4 861
22 660
36 591
34 175
46 145
40 601
13 121
31 867
41 11
35 513
45 942
41 534
45 166
43 221
25 80
18 457
7 104
2 198
37 702
18 349
26 236
40 612
49 586
18 676
11 891
20 281
27 53
48 182
8 389
13 126
22 841
14 348
18 796
4 476
38 149
27 7
26 792
42 675
14 187
7 137
31 723
39 926
5 757
20 498
16 461
26 236
50 250
11 123
27 111
30 30
22 420
30 742
19 228
21 239
7 469
17 163
19 530
50 854
36 340
6 891
4 597
20 157
28 988
5 791
40 196
12 573
9 132
29 577
48 480
40 399
18 782
2 672
19 387
11 355
50 364
28 24
10 61
2 267
3 141
42 127
2 216
27 240
11 404
44 320
3 508
19 627
45 912
44 154
16 971
49 180
45 708
15 929
24 949
28 677
9 71
25 595
48 84
14 167
33 60
2 19
36 361
46 555
39 794
19 89
49 740
11 801
13 964
16 750
38 158
3 316
8 578
47 892
24 457
35 267
30 76
46 914
14 782
44 335
1 613
27 27
14 941
17 515
32 644
31 240
45 551
12 742
35 612
6 320
40 22
24 714
34 765
34 910
36 995
46 424
17 487
24 922
44 670
32 609
18 605
18 709
16 168
37 325
20 583
16 825
15 812
8 326
15 126
50 438
2 40
14 261
23 650
33 597
5 991
48 971
36 598
21 464
5 802
42 960
4 522
40 206
9 465
12 383
16 343
21 834
24 182
2 478
4 838
12 468
35 585
19 905
2 895
33 78
5 244
6 264
38 597
2 424
33 119
12 331
32 520
16 963
47 36
33 300
29 609
23 824
7 203
13 628
27 825
9 713
11 438
37 147
46 545
37 597
2 549
18 4
43 314
19 47
14 162
22 830
38 773
5 456
38 141
6 971
39 91
8 655
11 152
5 499
46 236
36 887
25 371
1 417
49 515
2 176
35 488
47 116
4 680
45 940
11 568
32 782
44 68
12 810
37 482
30 751
41 545
31 285
13 122
6 978
35 526
50 726
18 895
11 454
45 61
27 908
44 50
48 293
6 207
45 754
33 205
24 416
3 885
4 872
35 897
29 735
44 1000
26 15
48 598
4 413
15 513
42 161
11 533
46 201
33 537
20 117
44 800
47 364
8 953
44 783
20 480
10 409
34 890
34 581
20 125
4 287
19 662
18 369
2 584
20 416
13 724
35 141
17 755
38 677
32 902
39 289
10 415
38 719
1 997
42 335
4 60
16 598
40 899
45 430
34 476
27 652
11 287
9 545
27 263
27 818
39 483
29 97
31 55
9 321
14 488
3 197
15 580
27 762
34 16
32 88
14 151
18 901
49 922
40 842
42 859
39 116
21 808
16 220
26 510
3 256
5 804
4 792
1 804
1 857
11 149
16 229
4 419
35 497
17 870
48 910
16 175
39 577
31 246
32 516
19 478
30 674
13 519
37 526
20 12
28 645
34 203
19 871
2 840
19 514
38 905
33 279
20 883
11 843
17 508
17 976
25 927
6 657
43 491
50 1
31 836
45 53
38 545
31 397
25 36
31 55
29 325
29 380
40 671
31 761
12 402
20 736
47 583
19 196
21 983
4 552
41 213
47 921
34 935
32 791
50 25
45 577
14 401
10 470
49 612
43 236
39 720
4 356
5 792
40 244
39 644
6 628
12 278
4 762
35 725
6 46
13 374
11 374
50 334
35 691
41 553
24 194
36 727
3 13
41 217
12 992
10 224
20 748
6 919
18 358
50 204
41 121
39 115
21 656
36 723
40 989
46 286
1 581
47 709
21 442
18 458
45 199
31 477
26 568
24 112
19 55
12 667
38 696
15 304
40 590
26 96
24 91
34 340
46 268
35 492
1 35
41 84
33 76
50 778
1 968
21 962
49 205
43 578
39 523
42 630
49 536
24 141
25 430
9 226
12 136
6 764
3 272
30 790
9 548
19 159
24 852
9 668
32 462
46 721
24 891
39 804
30 439
44 834
39 604
23 1000
10 343
50 435
34 986
1 56
10 393
47 853
45 429
18 446
7 108
31 329
22 830
39 890
24 874
17 552
12 687
15 726
42 243
37 595
9 768
29 898
40 34
5 227
2 730
35 384
30 798
48 433
44 334
12 304
17 961
34 102
22 454
17 84
20 396
19 843
10 754
21 869
21 239
47 753
14 619
45 939
13 940
32 73
42 115
3 55
39 308
47 84
27 961
30 923
37 968
10 875
21 784
43 520
12 392
27 935
4 521
12 790
41 551
20 577
25 75
16 798
36 276
33 11
10 937
47 378
43 569
45 788
23 539
29 211
7 790
20 38
42 170
6 721
43 45
6 770
45 720
45 629
38 72
41 593
1 749
26 65
40 885
14 916
10 682
28 534
11 208
39 5
50 896
16 348
11 408
34 555
12 177
23 989
35 8
41 496
41 21
13 633
12 727
44 950
32 101
48 65
49 406
26 92
41 531
37 272
21 208
9 668
7 326
17 604
10 732
23 319
50 201
4 305
5 844
10 759
7 709
27 765
5 593
47 659
20 553
41 900
32 507
30 542
23 392
25 356
43 236
31 647
26 410
28 609
3 518
26 256
39 352
3 9
27 759
29 619
45 20
26 208
31 635
11 295
11 182
48 44
28 81
14 503
27 831
46 417
31 443
30 938
10 968
18 374
12 466
49 331
48 971
49 220
34 735
33 665
8 824
20 653
28 186
7 719
21 568
36 73
37 646
49 452
27 316
18 258
41 66
41 875
28 230
11 129
25 327
2 699
23 726
47 686
10 208
42 887
34 141
23 722
24 500
46 934
31 77
10 383
12 429
3 379
20 22
6 917
11 68
14 902
21 937
19 358
4 657
6 791
11 783
24 547
11 759
45 377
20 297
31 852
27 205
32 268
42 449
48 403
33 541
24 200
18 143
26 160
17 863
37 656
14 629
23 260
24 45
46 572
36 474
25 97
11 209
47 524
32 273
5 696
25 346
3 707
23 138
24 849
47 673
41 761
4 743
4 510
27 281
31 551
30 656
16 543
45 633
26 117
19 206
31 102
45 83
12 630
30 826
38 475
6 343
48 450
47 733
17 911
11 736
11 394
20 633
35 45
29 581
43 463
10 158
38 523
18 672
38 730
9 693
36 597
32 530
30 356
47 576
1 201
22 356
43 142
43 415
22 419
41 118
45 328
25 867
32 122
25 50
16 549
21 149
28 223
5 657
11 205
16 39
49 124
20 108
46 73
16 105
12 857
14 67
35 186
37 532
46 688
38 72
43 761
41 937
15 689
7 436
34 895
50 474
9 318
35 240
46 509
49 247
10 152
3 436
21 188
6 257
25 511
18 410
35 389
47 641
8 516
5 867
31 945
39 505
36 257
49 576
11 602
18 929
4 934
4 2
9 607
40 242
25 13
21 521
47 298
26 166
39 759
43 319
27 652
36 229
3 820
6 525
6 518
14 160
2 989
33 331
46 185
50 688
15 709
7 804
7 446
46 87
39 82
38 623
50 823
5 893
30 751
41 846
13 531
3 139
25 237
21 305
5 292
21 546
39 500
35 499
23 131
39 844
4 614
18 723
28 346
5 817
9 67
2 379
37 480
28 634
2 876
4 795
26 623
25 120
43 596
38 190
38 121
46 637
32 321
5 171
15 213
46 857
29 518
34 676
47 837
8 421
3 844
21 130
13 643
48 203
8 491
16 901
23 14
42 931
25 125
2 64
17 616
22 246
12 74
26 954
45 235
10 941
16 412
3 237
41 94
9 594
33 828
35 193
6 636
12 836
13 561
42 680
28 324
41 814
34 183
6 644
29 848
9 409
12 717
31 907
46 90
1 853
16 964
10 25
5 937
43 378
38 502
16 846
21 544
7 284
29 443
20 626
5 222
24 889
45 725
12 143
47 110
14 444
33 949
8 853
15 560
22 173
39 178
32 47
6 84
44 541
35 1000
12 532
36 149
26 701
47 182
9 294
35 130
36 551
49 485
16 246
25 790
50 683
40 767
40 868
13 497
27 459
48 581
15 483
49 267
23 886
12 423
23 378
24 839
4 663
7 390
5 795
43 837
35 950
19 837
18 270
9 69
22 172
43 194
40 598
49 506
1 395
40 704
26 2
50 228
47 987
33 288
4 4
16 548
46 381
27 906
1 260
7 738
18 403
34 680
34 981
2 25
45 332
29 930
8 126
50 201
31 235
3 153
38 489
36 571
29 648
17 648
14 7
49 192
13 685
14 621
39 200
12 992
27 634
46 156
24 606
35 766
44 528
24 155
27 626
35 306
20 704
29 566
31 605
40 261
19 355
21 19
5 232
2 968
12 587
6 262
47 779
38 4
11 8
11 637
8 760
4 90
6 244
26 68
33 528
33 203
46 934
29 258
5 268
48 800
3 73
43 184
21 948
36 826
31 589
40 88
3 466
10 18
46 860
8 106
24 351
16 977
42 581
22 128
25 188
29 576
6 27
7 979
38 705
14 888
26 711
25 154
10 328
19 274
34 384
29 169
6 922
11 31
21 273
14 311
22 56
34 576
31 330
7 485
33 427
11 766
28 20
21 557
2 811
13 706
35 881
21 488
31 930
48 797
12 536
21 886
32 265
13 752
9 820
31 616
35 808
27 285
24 86
39 704
22 90
42 115
35 197
42 495
7 766
28 36
5 692
20 389
17 718
2 753
18 331
10 484
48 634
24 883
27 788
23 700
22 317
2 668
30 846
46 638
8 198
32 283
7 420
43 333
3 871
14 570
13 943
11 879
50 33
19 123
15 830
7 703
42 164
31 125
27 628
32 726
41 282
46 754
8 977
45 884
16 812
21 132
3 582
14 899
34 51
19 98
46 500
46 275
1 319
14 526
25 493
36 902
50 555
3 626
10 177
11 716
40 838
11 789
27 570
29 79
8 178
8 474
19 775
45 487
22 447
19 568
35 595
48 198
29 104
42 297
19 246
19 493
44 412
24 647
40 754
37 515
41 285
36 497
17 934
22 244
39 355
34 618
14 941
27 167
25 137
11 625
17 823
13 5
26 206
26 433
15 214
39 472
36 860
26 321
46 761
49 592
26 844
46 564
13 227
40 119
13 166
40 426
44 725
47 46
49 140
49 155
37 726
31 237
19 111
13 138
6 977
31 445
50 88
44 262
5 830
43 480
5 968
7 562
5 566
14 311
16 127
36 902
4 67
3 946
34 783
35 466
28 189
17 402
6 505
46 441
28 469
17 865
48 669
7 3
48 20
35 184
39 590
25 496
28 284
6 519
14 971
14 507
31 285
3 48
16 838
30 20
33 96
30 35
15 975
45 156
6 774
44 978
16 953
11 403
6 697
14 757
24 787
41 68
5 633
47 925
31 855
27 623
44 183
32 765
23 654
43 677
11 508
22 131
40 928
33 951
34 186
26 258
42 768
17 102
44 705
16 859
41 885
10 986
47 259
48 166
45 24
32 254
43 775
48 981
25 820
11 106
3 776
29 457
6 352
38 991
15 854
21 185
18 54
41 94
23 722
41 345
18 151
8 160
34 462
24 824
5 572
47 38
18 514
46 927
15 757
10 873
29 287
32 152
5 500
47 650
21 590
42 211
36 98
11 186
16 441
38 458
32 216
50 506
31 600
18 925
26 470
30 659
28 156
41 670
35 535
36 862
9 215
45 614
28 506
3 276
19 688
49 461
16 320
46 678
50 386
4 308
9 620
7 341
4 710
31 565
40 389
38 555
36 963
6 745
4 53
8 367
40 268
13 192
27 829
43 659
26 817
31 963
12 302
49 552
12 451
33 716
32 576
30 839
32 268
29 748
15 981
6 769
47 236
8 867
46 862
35 568
29 596
1 499
40 579
34 627
27 5
11 388
50 767
43 700
33 969
21 503
1 953
44 916
47 112
10 726
43 971
38 693
20 747
26 842
19 222
15 102
35 324
32 475
37 178
27 209
8 338
9 931
22 593
4 944
42 304
15 402
21 172
50 826
30 295
7 858
22 268
21 233
28 470
22 75
29 922
48 399
24 416
11 47
43 358
1 179
24 189
9 70
29 466
44 879
28 894
9 994
36 567
22 973
17 765
39 179
18 749
32 220
36 242
14 155
3 535
7 335
31 302
13 994
29 900
8 901
47 850
30 82
30 798
10 57
41 800
44 892
47 925
13 226
3 112
18 688
33 756
46 387
19 43
49 495
43 50
49 747
46 290
14 883
39 929
36 517
28 127
24 748
9 138
5 712
40 234
27 796
19 573
48 623
42 636
40 220
37 724
22 226
42 967
46 180
14 8
10 697
42 906
7 733
11 330
11 415
20 505
32 329
31 907
47 803
15 114
34 937
46 587
49 248
45 711
26 469
46 572
1 374
12 634
13 318
34 159
33 741
17 83
6 942
7 221
27 944
14 756
45 990
23 70
6 303
1 268
47 750
1 188
12 171
23 638
23 816
27 440
11 348
48 858
8 476
16 811
13 629
2 890
9 323
47 357
10 542
25 261
6 472
37 296
5 304
37 318
34 417
21 709
16 915
33 70
4 817
43 901
3 418
7 156
36 713
10 712
1 837
37 571
3 161
45 793
2 469
24 403
30 43
44 591
1 779
18 381
22 151
42 619
1 648
3 739
12 695
20 808
50 925
8 349
42 371
22 589
18 699
33 500
25 869
35 884
48 971
32 1
38 534
4 718
28 77
30 14
2 861
34 940
28 60
43 866
46 790
30 78
44 632
21 193
24 400
20 166
37 954
36 705
25 132
9 461
33 923
28 405
6 804
16 372
4 460
42 781
2 256
35 36
12 519
18 410
14 538
41 941
49 355
24 53
2 739
41 633
16 370
37 192
27 963
41 336
43 781
25 491
28 403
4 485
42 821
22 703
31 173
21 79
7 51
5 230
41 746
28 728
46 256
40 632
2 458
19 801
26 909
47 286
6 294
32 443
29 83
50 561
11 720
35 534
31 900
11 579
26 129
22 628
34 519
13 195
45 441
15 310
34 726
46 69
21 281
33 621
32 586
47 47
27 492
31 529
14 253
16 372
46 448
11 268
20 646
21 820
50 672
26 919
43 711
31 928
33 821
23 459
39 553
9 937
24 487
31 424
2 678
27 121
42 296
34 800
16 877
14 240
13 304
33 724
37 368
29 15
8 705
39 413
24 353
26 896
10 35
38 836
7 439
1 715
40 464
37 305
32 380
16 193
19 216
27 854
45 74
33 867
46 405
47 28
44 672
41 634
31 687
3 972
4 793
33 256
7 408
46 206
19 724
39 741
41 848
29 420
7 956
4 523
25 505
36 95
10 376
31 681
37 540
44 208
26 355
33 834
10 288
6 687
32 612
49 471
31 97
41 190
16 710
3 623
45 590
43 422
8 880
38 581
8 592
31 232
33 421
35 121
14 377
12 660
31 452
10 572
2 466
8 941
9 408
13 367
21 483
42 386
28 905
28 436
26 277
23 508
49 463
5 107
38 642
32 494
37 805
19 565
41 459
37 751
22 554
32 540
44 944
3 81
27 25
34 656
9 698
43 797
25 346
48 578
33 323
5 764
3 886
2 227
16 156
34 542
13 869
50 853
50 701
41 325
26 98
29 984
12 600
41 794
18 325
27 133
47 749
14 134
26 926
48 189
49 213
11 441
6 392
10 298
47 714
23 141
9 611
39 316
46 669
50 947
45 632
2 620
1 766
19 540
41 480
33 116
37 703
25 505
28 388
2 36
42 656
13 298
24 348
20 109
41 339
12 561
14 883
45 472
27 912
46 311
1 217
47 14
30 841
46 788
4 655
7 833
17 942
9 507
20 198
29 713
21 33
11 707
45 607
31 136
11 682
7 637
28 531
34 717
8 619
44 796
37 411
2 547
17 653
34 159
36 176
7 242
33 440
30 137
36 123
1 36
2 77
47 617
27 853
48 680
9 958
13 104
41 183
37 545
7 395
1 249
42 722
40 391
44 622
10 235
6 447
29 324
7 784
13 272
8 583
11 464
15 153
5 161
6 299
48 876
35 58
38 638
10 772
42 985
16 381
15 809
12 859
44 272
40 210
21 155
12 730
46 91
46 556
16 477
37 824
46 458
3 633
41 568
11 647
4 295
12 172
3 892
50 400
44 489
26 990
16 227
21 940
5 403
23 127
1 230
46 956
30 941
30 504
23 582
6 650
23 553
8 707
49 355
34 69
33 878
47 65
44 575
29 631
5 759
20 42
36 147
28 649
18 484
47 840
12 24
9 549
9 951
48 299
50 894
31 506
16 272
7 485
25 88
16 618
32 384
16 526
28 893
46 687
40 296
24 128
11 566
50 512
26 673
3 531
46 478
42 911
44 69
20 169
40 684
46 478
46 740
3 34
36 362
50 588
20 208
47 16
21 673
46 156
1 544
18 747
21 938
49 157
4 511
44 797
4 261
43 938
7 509
11 174
30 164
8 146
49 747
3 72
30 112
10 896
37 515
39 779
47 874
6 779
20 133
37 753
40 770
48 358
11 26
34 587
18 546
21 752
30 764
16 217
18 107
42 764
20 594
26 668
28 94
36 665
44 479
46 406
10 795
35 786
42 324
20 799
32 429
37 118
42 464
7 121
19 923
38 520
32 430
14 869
2 510
2 456
12 318
41 803
34 25
27 214
1 377
47 540
31 579
38 229
11 977
25 675
9 118
37 493
36 518
50 598
17 547
8 398
43 401
16 848
14 627
40 771
32 763
16 890
10 990
12 620
3 830
27 516
18 390
39 249
39 841
40 599
26 444
5 509
12 624
36 838
49 873
18 912
46 369
49 799
38 805
25 963
41 279
24 213
28 667
9 126
33 314
44 745
28 33
47 140
7 435
4 347
30 627
32 437
19 459
15 93
41 545
27 130
37 332
45 399
10 243
2 588
48 390
11 115
43 299
50 652
50 194
2 945
11 986
45 107
3 162
21 387
13 104
45 497
48 230
3 473
23 816
12 641
9 311
16 421
40 729
27 67
20 150
37 847
19 437
16 376
6 901
19 289
29 316
19 681
9 412
20 172
1 713
29 631
29 444
23 559
21 339
7 619
18 606
39 134
30 692
7 526
22 180
3 568
31 692
16 385
28 750
2 54
48 590
46 429
10 581
40 338
38 777
43 995
8 331
42 996
36 295
2 156
1 775
41 326
16 321
35 850
1 372
2 313
19 127
50 244
32 611
16 573
6 956
48 652
31 739
32 507
23 823
1 843
38 279
20 437
7 889
44 10
15 423
31 988
43 453
45 90
4 556
34 600
32 562
31 172
41 544
13 363
13 586
25 274
11 387
41 37
42 526
43 371
3 94
45 423
44 287
39 841
37 514
28 731
30 397
9 125
34 417
47 234
20 26
43 721
19 627
46 172
21 959
35 812
45 745
12 99
34 733
14 120
3 653
10 935
30 245
44 958
23 966
35 10
41 495
29 304
26 7
40 452
42 517
28 781
35 256
31 71
36 488
6 143
12 139
17 155
23 208
19 688
17 16
33 914
2 879
40 319
10 664
18 772
34 726
24 327
45 308
2 435
20 302
37 839
25 998
28 383
42 352
42 466
41 910
9 850
3 380
17 391
37 213
20 876
48 292
29 256
8 604
14 111
11 761
33 959
23 493
23 75
23 924
37 459
5 616
34 858
37 29
34 855
35 686
40 701
16 214
41 58
31 360
30 52
38 216
21 311
24 848
32 784
30 684
41 670
31 198
33 603
19 731
17 935
8 635
2 317
35 13
16 557
45 481
4 736
37 380
10 359
40 351
46 669
16 721
37 648
21 680
24 972
15 884
50 376
5 205
7 822
46 23
35 375
28 397
34 357
32 148
30 392
6 811
20 722
28 113
31 955
8 263
26 133
30 178
22 440
4 763
6 184
45 686
26 42
26 358
17 947
4 207
5 545
3 507
20 975
38 910
13 542
45 618
49 598
25 356
26 993
20 805
26 17
6 17
10 253
4 427
38 728
42 312
24 82
5 183
30 133
29 528
26 977
6 786
23 560
18 514
22 794
33 547
41 603
44 721
50 832
38 453
5 718
34 180
20 115
22 176
39 643
11 877
7 828
39 885
20 898
33 397
33 148
17 398
1 973
9 796
18 68
47 26
18 156
38 869
41 949
27 725
46 225
18 935
18 280
45 493
6 412
8 404
9 926
24 165
21 71
19 244
16 480
24 436
34 890
47 354
9 951
19 566
47 519
15 509
20 84
23 793
29 255
48 583
38 456
18 560
19 170
12 816
37 44
15 115
27 617
34 347
11 641
8 43
25 806
13 23
35 120
33 705
4 977
26 430
48 26
41 679
2 476
34 809
9 208
36 581
43 520
31 720
14 563
8 516
24 93
16 894
27 460
46 582
39 396
28 674
21 204
48 923
20 527
37 566
29 356
14 972
44 23
44 778
42 926
18 666
10 100
24 936
5 961
46 351
24 535
41 98
3 55
11 634
19 435
16 430
28 745
12 351
34 966
40 136
23 88
35 20
30 683
44 663
18 750
37 156
10 803
27 310
29 410
3 983
33 406
13 804
19 270
48 30
37 582
38 522
10 84
19 794
47 379
7 403
14 539
10 381
18 767
24 654
43 957
2 623
14 570
33 877
47 244
48 593
22 54
34 625
48 71
14 725
27 347
35 106
7 472
30 410
32 867
50 242
44 617
38 91
22 54
33 75
37 657
46 833
20 838
30 955
9 242
13 403
6 387
12 606
47 742
24 284
25 255
7 147
46 316
3 436
48 602
17 956
10 967
21 621
21 462
1 826
35 182
33 790
15 571
2 590
8 100
50 962
47 155
3 560
25 824
43 9
22 367
3 747
36 509
40 525
9 974
9 150
45 826
18 494
3 340
5 338
24 770
18 429
18 64
9 290
23 733
38 659
29 883
20 461
31 483
8 209
19 151
18 997
30 143
10 993
36 317
21 91
44 672
36 923
45 405
45 895
2 89
29 928
18 328
22 684
10 466
23 786
47 64
44 345
42 27
30 545
50 574
13 359
10 527
1 686
23 170
7 521
26 302
36 322
9 901
45 950
41 904
3 975
44 202
31 545
25 600
21 437
22 455
1 888
16 758
28 317
19 79
22 767
10 699
24 64
48 91
43 766
25 31
39 752
13 251
1 685
6 573
49 957
25 129
35 638
1 661
33 312
29 909
47 105
8 664
19 115
9 865
22 937
23 775
7 893
20 141
31 941
29 739
6 289
23 755
12 631
34 620
36 376
19 923
44 792
3 37
19 729
49 799
50 169
37 710
4 567
21 39
50 634
37 216
33 530
48 253
33 813
27 164
28 36
21 777
18 891
11 995
4 284
35 309
36 820
13 246
45 437
23 209
48 235
41 814
25 791
27 943
4 919
40 508
12 884
30 272
49 890
20 345
38 579
1 771
12 549
49 126
4 751
15 324
15 832
13 180
14 1000
19 994
41 181
14 844
24 416
25 806
11 677
13 71
23 591
2 946
19 17
32 542
49 886
37 359
30 914
27 10
28 310
50 773
31 448
10 981
23 296
42 901
20 53
49 510
4 118
23 737
12 410
7 7
33 744
45 298
50 975
6 145
36 896
24 48
45 567
46 173
5 797
40 204
10 993
9 460
27 122
22 584
47 167
11 40
3 471
50 133
47 777
47 784
35 214
19 323
19 730
13 46
40 270
15 796
33 513
9 619
29 770
37 632
24 648
18 289
1 154
24 321
25 359
4 135
15 304
15 423
19 985
25 471
37 436
31 243
26 373
27 859
26 79
50 920
5 557
2 306
39 362
16 484
21 882
31 574
22 334
16 931
20 892
14 777
29 349
7 739
47 798
7 946
18 591
20 64
31 695
6 635
32 533
21 960
19 689
19 654
3 249
50 343
45 236
11 890
13 795
26 292
36 210
26 682
47 940
40 920
43 765
24 533
16 317
12 597
42 363
25 38
33 656
40 499
40 336
7 300
1 717
21 356
46 732
23 434
13 629
16 680
31 591
31 751
5 842
24 209
15 203
7 606
16 635
11 608
1 736
36 662
9 691
8 341
34 257
38 554
28 290
39 41
36 957
42 562
15 402
10 246
10 870
23 454
42 971
15 341
45 837
12 801
13 846
15 110
4 890
40 634
23 332
34 338
45 552
1 324
12 151
19 723
11 230
20 399
40 294
20 498
31 846
33 915
26 717
50 23
25 464
4 627
10 290
15 995
40 207
20 551
2 888
37 776
27 162
45 680
49 478
19 671
11 251
45 430
1 648
44 888
42 874
30 308
46 460
8 293
29 66
40 18
34 53
48 6
47 538
26 601
29 547
49 501
14 260
34 881
30 543
44 650
15 793
40 717
31 842
16 231
13 737
3 789
42 390
1 444
47 414
17 314
32 707
36 363
10 673
37 925
7 450
12 716
34 371
34 359
7 517
27 953
22 5
3 257
49 996
31 162
23 831
33 932
49 584
23 145
29 91
16 312
5 754
19 390
7 634
11 536
34 108
9 251
48 741
10 332
14 510
26 608
22 420
11 805
39 649
30 143
12 937
7 388
7 806
33 392
21 869
8 178
2 855
44 253
17 993
10 56
47 828
6 727
39 21
33 199
18 158
9 766
42 131
31 553
9 967
46 635
13 828
9 477
7 814
32 280
29 881
31 781
20 326
32 734
48 915
49 770
14 464
1 829
17 138
21 917
14 691
43 934
21 856
9 239
48 338
41 939
20 590
22 809
38 357
46 157
19 68
22 324
16 205
9 12
49 805
29 378
18 644
43 905
4 520
10 466
25 466
36 814
23 735
5 70
4 128
19 700
15 362
7 895
43 31
15 323
23 156
33 590
13 81
27 21
48 580
6 397
27 702
35 130
30 404
39 891
34 455
14 955
3 821
32 938
33 973
33 603
42 471
48 516
23 234
8 576
21 20
31 80
6 334
41 334
18 197
23 896
16 626
33 523
49 451
27 822
44 936
16 203
35 70
3 377
14 104
9 124
45 233
13 491
20 235
20 490
12 163
1 390
45 114
36 635
9 398
9 937
1 855
37 83
35 890
32 775
32 98
41 792
48 594
34 767
7 964
50 30
36 613
7 268
35 702
34 300
20 421
9 693
15 906
50 939
15 922
48 453
48 224
32 245
4 703
3 163
3 361
9 802
32 763
24 898
12 182
6 700
22 736
7 481
38 89
9 924
22 279
27 323
16 394
33 402
28 312
28 143
18 810
27 615
41 821
48 592
30 3
36 205
14 495
17 438
38 844
1 13
26 271
15 617
42 320
38 983
2 758
34 876
17 784
50 324
49 484
25 382
23 819
26 958
37 707
38 746
32 380
21 358
24 180
1 584
47 323
21 236
32 855
43 672
8 482
15 265
34 327
41 597
17 776
13 327
26 171
27 847
19 48
27 391
32 253
24 127
14 738
39 217
45 613
5 749
30 704
50 999
48 622
46 348
15 161
17 193
14 839
48 788
41 152
41 289
34 370
46 198
21 373
37 223
34 440
40 115
23 714
24 509
7 361
40 91
43 991
26 387
46 400
7 17
16 397
38 850
3 316
13 605
28 581
3 173
11 238
14 360
9 625
16 187
47 353
22 139
14 808
44 237
21 252
17 343
3 237
19 645
16 489
47 677
42 785
48 691
33 945
43 110
32 59
12 297
29 589
44 843
15 454
45 359
1 829
8 269
45 538
46 703
13 219
22 189
2 161
46 409
40 648
28 588
14 187
50 471
39 69
25 547
22 496
19 818
18 642
5 451
20 316
7 754
20 746
40 389
22 533
41 992
12 140
43 274
21 398
8 862
30 833
48 539
47 39
25 284
39 292
7 969
18 649
7 28
16 156
32 797
31 518
45 159
41 979
22 216
10 509
41 893
3 562
29 756
17 34
44 376
47 554
26 96
42 627
19 8
16 243
2 646
13 618
32 974
43 375
10 719
9 321
36 220
24 207
32 948
13 992
4 819
24 811
20 255
25 577
9 891
24 582
22 231
44 596
16 846
38 447
30 190
29 169
9 660
29 768
20 981
11 116
13 582
28 450
42 526
33 499
7 559
20 925
9 40
48 281
26 101
25 155
2 261
6 62
25 491
8 509
41 935
37 987
32 26
32 596
47 453
46 178
42 42
5 641
44 817
49 346
12 709
8 636
5 77
18 654
49 579
34 407
30 616
14 583
43 558
29 475
23 125
31 476
49 743
10 360
1 747
23 440
46 997
20 689
42 797
19 715
17 348
26 173
30 578
46 823
21 315
13 494
48 388
39 939
16 75
35 668
2 189
13 874
27 406
37 474
13 36
47 180
21 876
45 855
12 156
19 691
9 119
4 869
24 413
50 215
19 904
19 5
42 183
45 312
34 246
23 495
42 853
16 978
24 189
15 285
43 582
9 723
5 652
43 712
47 445
50 870
15 332
18 649
28 658
27 107
43 583
29 753
39 837
13 307
32 326
10 24
44 337
28 480
33 361
18 360
11 709
36 634
13 346
14 474
32 780
20 730
3 913
2 759
3 366
10 25
37 599
21 287
20 236
6 913
24 198
46 396
18 430
39 34
13 591
44 999
44 295
1 181
44 930
7 601
21 663
4 563
27 545
32 434
13 319
38 542
29 212
38 516
37 583
17 30
38 684
31 16
41 362
26 860
14 924
8 887
21 376
43 690
32 178
14 913
15 874
48 903
24 106
6 417
25 561
34 102
4 178
23 910
22 598
47 16
7 350
5 737
50 258
17 372
24 652
9 253
5 333
27 701
27 752
2 681
20 658
27 787
43 352
20 207
25 297
27 351
23 384
36 512
45 243
18 427
22 223
10 21
15 873
20 519
17 174
39 542
38 428
7 52
6 767
3 965
33 437
45 972
28 354
12 747
20 197
34 446
38 857
20 841
44 85
9 693
44 485
18 439
4 662
24 921
40 157
21 160
14 609
23 12
27 93
36 451
23 287
31 710
39 196
28 873
13 889
20 616
7 635
25 781
41 753
10 675
41 332
42 846
14 182
24 408
50 144
46 958
50 282
14 465
31 919
13 942
14 142
50 22
47 250
44 791
31 995
36 361
47 43
44 81
30 698
8 641
27 715
43 550
20 813
17 241
34 978
44 431
41 67
14 529
31 818
26 405
6 686
35 19
21 147
24 208
9 807
1 110
7 222
41 914
2 216
1 437
8 926
7 12
20 328
18 240
26 969
36 455
49 121
27 417
24 874
35 163
2 468
13 911
27 314
22 594
2 707
2 909
9 497
3 493
28 581
20 364
17 217
44 853
5 380
38 195
42 498
4 931
40 834
32 397
23 534
32 959
41 14
42 874
25 45
1 555
30 787
21 195
13 601
38 96
46 32
5 986
47 602
12 335
40 335
36 207
18 586
9 568
25 386
11 475
41 930
37 573
29 32
47 423
40 465
5 783
40 332
7 933
20 547
22 887
25 629
34 645
2 287
47 61
18 766
5 560
29 822
47 931
19 702
6 279
20 746
21 522
20 1000
12 460
34 755
3 635
27 76
18 87
21 267
17 822
10 178
26 633
36 331
10 222
48 101
6 244
8 619
7 58
49 572
40 48
29 508
7 243
3 250
48 718
27 960
5 852
9 831
5 119
23 56
18 284
27 259
17 181
46 596
36 45
5 185
46 743
5 565
25 296
49 17
7 424
22 557
15 446
7 331
30 481
44 965
33 111
48 634
15 321
31 301
19 13
18 534
5 507
43 15
39 809
21 159
30 359
4 259
32 836
3 368
26 407
41 835
43 246
46 569
27 179
4 839
17 577
37 187
1 124
50 192
1 806
4 975
49 75
16 153
47 446
17 213
39 289
14 216
2 674
40 96
25 896
15 217
1 818
31 48
34 536
24 682
4 808
1 406
42 570
16 375
14 229
46 451
11 256
42 742
16 9
12 400
38 506
34 755
28 166
26 702
25 329
35 964
45 494
16 286
12 142
20 61
26 503
18 537
8 99
38 909
34 149
50 568
45 216
6 773
24 359
30 476
37 462
12 895
50 768
47 854
20 174
21 787
16 31
49 111
26 74
26 123
8 973
21 936
26 314
18 975
37 589
30 826
32 903
24 865
19 390
41 598
48 106
20 18
1 458
21 229
9 357
17 410
25 986
35 88
39 832
12 106
36 822
16 696
2 876
50 868
39 872
39 358
23 587
43 217
32 137
40 323
38 789
26 33
36 738
42 704
15 779
12 325
12 836
27 503
18 390
39 95
7 471
3 751
45 96
21 296
38 381
36 674
47 113
31 544
41 527
46 657
29 154
3 105
45 22
26 685
41 524
32 827
19 634
4 120
44 81
16 583
33 61
44 161
39 153
6 647
18 488
23 202
13 813
6 876
47 236
43 116
1 166
24 934
33 913
26 593
6 366
32 383
10 146
38 720
10 677
39 375
29 118
33 283
17 404
11 992
31 638
44 500
18 493
17 978
50 93
19 314
17 72
28 119
33 410
34 792
2 166
1 687
43 703
1 61
34 304
16 100
28 269
46 547
45 976
1 158
13 861
26 852
7 85
45 839
39 383
21 15
29 219
5 335
39 445
27 783
46 224
38 544
30 232
2 507
23 223
7 771
44 49
20 982
3 703
32 192
34 424
36 631
21 220
28 448
32 431
48 865
21 132
43 621
45 663
22 323
38 442
46 327
22 681
26 96
47 966
25 144
32 405
7 215
16 665
50 393
24 6
45 195
17 348
23 882
50 251
40 900
30 377
4 876
21 973
1 690
31 952
2 121
48 439
9 728
35 683
27 914
5 640
32 590
34 977
2 807
39 994
33 260
40 877
4 81
19 798
32 389
12 279
17 426
13 181
39 921
28 504
36 19
24 815
25 736
50 122
12 428
27 566
34 549
11 597
44 63
41 835
32 592
9 802
31 220
22 279
45 226
22 147
23 972
31 802
19 163
28 463
49 386
39 590
31 766
3 49
24 372
2 156
19 539
46 9
49 781
7 909
23 83
23 809
17 846
21 106
48 807
3 241
22 703
11 891
48 256
10 786
7 874
18 338
10 438
26 237
43 71
28 608
7 332
1 852
24 160
21 189
44 978
15 966
50 477
13 724
26 25
37 630
16 528
35 316
43 34
11 133
10 978
15 135
38 750
2 714
22 658
41 501
15 870
6 568
35 340
24 209
48 891
47 783
39 167
44 698
42 318
3 129
32 700
3 490
1 208
40 597
39 741
5 785
19 930
29 742
11 138
39 474
32 5
4 685
38 333
16 724
46 458
1 449
11 111
37 745
42 946
23 533
3 264
37 106
36 782
30 553
45 769
30 983
48 575
12 614
10 940
11 731
18 718
22 30
46 666
41 421
46 205
28 360
42 299
34 526
11 995
28 239
31 240
9 681
41 90
20 468
44 811
1 165
50 563
50 46
46 485
34 604
38 551
35 576
23 142
11 599
10 672
34 50
38 839
43 895
30 413
45 118
32 35
2 908
38 48
31 739
16 520
12 624
37 498
7 324
50 81
38 412
32 813
38 626
49 215
45 41
21 776
19 836
50 786
40 144
41 309
21 461
34 868
21 185
6 150
26 69
8 53
16 534
32 290
48 61
18 727
15 248
32 467
44 222
19 594
11 927
20 59
8 946
28 160
47 5
50 81
38 409
50 681
12 915
32 655
17 229
25 887
9 234
10 527
27 685
4 226
45 675
15 840
10 932
40 700
22 574
29 557
3 58
6 669
16 981
18 949
13 625
39 415
44 185
24 275
49 344
45 235
25 715
9 622
38 962
13 928
2 19
34 305
49 975
24 906
32 163
39 779
8 121
9 64
8 980
30 455
6 655
26 891
42 519
36 412
28 36
26 717
26 893
5 709
42 785
2 983
7 278
45 985
6 461
35 625
34 564
6 291
42 931
32 12
10 832
24 35
4 899
33 170
30 42
47 801
3 262
31 60
43 564
23 736
17 278
49 402
19 799
7 496
14 787
18 333
4 292
16 65
49 758
33 655
36 356
46 118
12 40
36 945
40 679
44 559
47 595
50 939
39 487
8 4
13 927
16 927
14 941
25 968
16 853
26 5
5 370
8 995
48 94
3 310
18 510
15 110
21 468
38 372
42 900
9 82
27 583
16 152
24 419
39 607
19 176
32 930
50 740
23 864
37 729
11 172
19 834
47 701
38 665
32 222
50 708
18 439
20 3
23 330
17 284
46 647
19 88
34 312
47 659
21 446
45 215
39 42
19 865
7 989
10 299
17 952
9 961
34 301
27 212
22 596
38 370
6 590
32 347
41 62
41 942
50 43
44 898
25 304
13 749
23 700
41 449
22 931
47 122
20 122
21 625
31 79
9 604
27 478
50 947
12 269
3 629
35 313
42 905
25 975
11 581
14 372
30 27
20 69
36 143
26 360
36 538
6 577
16 626
37 446
32 736
44 4
17 480
4 104
5 716
39 542
26 666
15 869
11 489
48 480
15 552
50 735
4 352
50 420
12 13
19 215
37 504
38 691
1 288
40 982
2 508
50 285
37 546
22 109
35 492
21 91
31 446
43 301
18 225
46 423
14 51
49 912
3 229
39 90
25 836
19 989
35 648
9 180
38 127
43 302
41 107
45 382
34 848
5 916
21 191
50 354
26 966
1 440
50 798
31 617
2 564
21 164
45 944
27 99
35 65
35 983
11 918
2 2
48 118
31 235
7 610
4 158
38 318
44 850
44 771
3 681
29 856
27 459
22 932
24 435
42 454
7 880
9 454
5 870
10 225
42 923
28 360
9 714
15 921
37 483
15 581
5 137
8 16
4 818
20 725
4 171
32 336
35 74
48 849
10 58
21 167
40 10
9 939
42 446
40 881
2 781
3 883
3 889
22 605
19 642
27 330
46 339
48 725
19 132
50 273
42 230
43 658
41 978
37 786
11 634
27 701
35 183
29 621
50 465
49 662
10 914
19 11
22 748
31 720
23 950
29 685
34 475
18 777
36 818
4 885
21 935
5 109
5 865
41 667
29 794
19 948
27 610
4 624
31 796
47 438
50 160
21 998
14 383
17 149
20 74
32 557
10 908
20 202
39 939
25 998
36 163
41 893
48 883
3 794
13 933
36 793
9 610
12 154
14 677
6 165
43 123
2 576
10 25
20 698
9 294
12 68
12 564
8 979
24 827
20 472
10 159
17 167
17 893
34 603
31 370
44 985
49 956
3 496
50 286
44 135
18 737
31 391
21 878
5 925
40 212
20 626
48 184
40 555
28 888
8 505
22 495
12 353
2 61
5 508
37 860
23 345
40 532
18 639
45 407
18 667
30 470
41 408
49 506
20 978
10 683
27 378
9 613
8 437
4 822
48 533
21 130
21 606
15 559
24 858
16 561
5 158
23 903
10 171
11 348
30 566
50 215
39 856
40 643
40 742
13 928
3 690
6 256
46 664
18 11
1 18
44 427
18 285
46 49
36 442
9 518
46 437
44 635
40 410
50 474
33 987
3 690
3 587
19 94
25 982
8 191
35 414
17 870
10 968
41 371
50 381
27 553
22 146
41 47
21 392
16 40
20 700
9 4
36 824
47 925
45 848
13 579
47 318
4 320
32 479
10 805
13 956
38 731
2 370
10 331
6 42
16 967
45 570
50 998
32 425
20 780
40 879
17 87
22 163
29 539
48 203
39 455
8 664
4 502
43 735
7 432
46 113
36 854
46 387
12 57
30 767
4 131
44 234
28 20
16 444
32 431
15 635
43 898
27 224
44 226
50 640
48 28
4 572
8 365
36 257
47 612
11 137
2 826
43 225
38 241
31 41
36 418
37 759
49 869
23 972
1 909
25 453
3 481
6 603
31 109
26 491
42 615
39 239
19 138
17 580
33 558
33 450
30 230
48 7
1 536
21 828
12 297
31 878
39 151
42 366
34 837
28 722
26 970
30 122
23 298
24 619
4 747
32 600
12 2
30 588
12 12
29 33
8 885
11 684
23 892
43 550
50 685
6 220
13 918
11 40
14 914
49 47
5 777
20 425
41 502
7 580
34 375
33 801
8 809
39 742
12 898
9 26
21 5
43 219
43 913
23 531
23 586
22 527
24 695
38 687
11 330
39 746
41 659
41 783
44 190
17 780
14 528
36 930
35 6
6 871
41 718
32 859
5 475
17 763
24 493
46 930
46 279
17 179
7 600
18 536
31 994
8 486
15 902
36 46
1 174
1 446
18 866
34 174
34 780
29 36
32 523
24 776
16 844
39 456
50 260
17 70
4 463
46 733
4 773
5 383
20 783
18 618
28 830
44 446
22 173
31 673
48 586
37 811
17 849
17 402
18 969
28 295
13 509
3 408
27 204
37 876
12 953
12 338
41 483
31 762
50 54
29 730
24 609
40 898
37 566
36 424
12 766
12 93
30 714
13 687
31 787
5 893
25 210
31 934
24 16
15 458
39 760
41 951
19 424
9 245
1 612
33 219
16 899
34 960
47 288
32 802
11 114
22 251
26 892
44 782
24 406
34 895
42 386
22 256
12 808
31 277
11 562
50 33
35 424
4 710
19 766
26 786
45 113
48 820
35 110
2 331
19 627
23 351
20 692
1 662
37 895
40 41
29 552
6 36
11 46
28 737
15 364
12 510
1 929
5 882
29 688
50 788
33 897
29 124
40 326
22 40
15 959
12 489
42 823
2 803
22 564
46 864
39 187
40 126
26 329
28 340
33 427
5 961
35 239
44 382
39 649
1 390
40 583
32 437
27 413
32 62
32 570
23 260
8 681
21 202
10 425
11 795
45 934
48 851
40 558
12 427
39 428
1 177
46 240
3 502
12 836
20 478
35 937
12 219
27 480
8 675
47 122
1 853
29 481
44 848
30 348
30 685
44 15
7 64
28 496
17 890
18 571
38 282
9 288
5 167
26 944
21 976
5 19
41 260
22 980
15 602
29 483
37 603
39 778
7 363
39 633
14 115
43 763
1 594
15 910
21 655
35 831
16 497
8 252
1 287
35 272
23 528
32 498
23 653
35 222
15 522
23 226
18 145
39 283
38 14
19 94
33 148
47 287
26 478
26 933
21 791
24 844
19 43
35 721
40 499
40 354
30 61
12 828
25 218
40 659
23 551
46 45
31 28
24 415
13 656
4 63
40 259
27 712
26 538
1 433
1 158
41 398
21 453
43 245
1 256
4 811
1 28
20 365
13 345
40 639
37 46
32 720
6 402
19 444
50 445
47 977
43 21
18 530
24 561
29 455
45 82
49 771
10 61
33 741
5 330
11 936
42 760
25 786
14 255
36 416
25 956
21 657
26 512
31 463
34 481
3 481
43 344
14 636
42 378
50 989
44 808
5 736
18 478
30 941
27 367
32 789
46 559
33 137
18 272
11 660
27 742
38 84
15 43
47 925
9 164
18 830
49 385
20 513
13 681
31 767
36 396
19 186
21 815
42 722
14 860
35 713
25 471
25 335
4 978
24 166
1 185
28 622
26 63
15 235
44 632
36 946
32 829
37 456
17 691
15 491
11 572
35 270
7 684
5 481
3 21
22 103
24 555
30 743
46 25
34 980
25 347
10 629
16 610
4 365
3 635
30 604
3 744
15 244
20 349
26 573
6 716
14 713
1 378
34 936
22 791
10 662
27 874
13 40
17 155
17 131
5 656
9 365
26 664
14 138
50 971
35 80
32 936
10 307
22 100
36 970
46 706
17 88
45 222
31 724
17 713
21 801
17 40
13 671
35 69
19 384
1 604
32 724
1 367
21 909
39 843
33 628
4 617
21 362
21 158
48 40
36 667
44 543
12 869
23 9
11 366
40 198
40 642
5 664
3 235
1 40
45 670
34 670
32 572
44 452
1 154
48 836
33 161
18 246
1 478
27 331
28 299
49 989
12 237
27 244
49 412
12 162
17 510
13 544
3 523
32 831
41 98
33 592
2 995
20 861
18 396
7 85
24 61
3 84
8 107
1 640
24 896
43 85
5 441
35 690
2 735
23 66
16 663
20 500
24 538
8 308
45 853
28 648
50 106
27 131
19 790
11 309
17 721
21 472
4 377
43 517
21 15
8 941
43 520
49 881
20 877
21 811
33 227
17 906
5 532
19 722
2 645
39 10
27 382
25 28
30 117
1 64
15 915
47 121
39 29
7 342
22 244
48 131
7 318
14 357
43 259
41 434
50 432
8 47
1 447
27 695
31 61
5 875
25 387
3 117
34 190
27 771
28 960
21 650
13 492
3 233
48 181
30 778
27 648
49 116
32 13
29 123
33 594
15 295
17 952
3 425
10 612
25 905
33 799
40 954
13 839
33 308
47 652
33 842
16 107
46 538
32 223
47 464
50 91
30 842
35 393
1 525
2 510
7 695
37 571
10 11
28 158
47 424
23 775
18 250
3 259
18 944
26 149
36 356
16 128
7 718
23 62
7 433
14 92
16 917
35 827
26 923
15 881
45 772
22 638
11 155
10 960
15 590
48 399
33 305
32 537
6 122
34 535
19 422
43 166
11 419
20 808
34 796
14 472
23 761
20 625
17 340
18 736
43 780
42 453
20 110
4 175
22 247
45 197
6 75
29 189
34 114
43 304
40 189
31 444
28 637
16 761
25 109
48 725
37 411
39 184
2 59
47 536
47 236
30 399
11 360
28 504
33 624
43 149
31 454
1 980
47 18
1 933
25 702
50 550
18 2
12 167
49 552
35 39
35 801
16 221
20 654
10 943
2 935
13 230
33 856
4 592
26 495
29 653
41 624
20 491
25 337
33 355
15 318
18 609
18 30
48 487
50 132
19 434
48 863
16 116
7 10
31 937
23 44
36 18
42 746
45 421
43 320
3 202
43 100
13 247
6 707
48 422
2 386
3 306
38 270
36 30
2 508
37 69
1 602
49 259
47 44
24 402
15 776
30 942
18 514
33 402
15 521
40 409
24 240
43 470
23 158
17 347
43 502
43 846
43 384
13 432
46 286
49 524
32 568
2 254
33 392
41 121
36 343
34 512
48 406
25 518
41 678
14 990
31 105
28 811
23 734
38 889
1 9
48 67
24 8
32 330
26 687
47 77
29 989
27 931
43 589
20 490
14 742
47 676
41 404
5 61
13 220
8 166
25 524
38 157
20 472
1 443
13 166
1 860
31 652
50 963
21 340
21 835
23 679
3 967
12 135
37 283
22 91
4 496
41 111
48 516
32 233
48 280
28 853
49 48
34 130
17 886
34 947
34 664
22 640
49 982
48 306
12 733
17 122
35 702
49 322
46 199
48 322
8 425
6 309
2 864
14 561
7 423
40 539
43 441
42 745
45 505
41 781
4 291
32 41
13 520
48 14
37 566
39 147
18 646
2 484
47 812
7 936
49 115
41 11
45 46
48 354
17 688
8 1
46 13
13 128
30 119
24 258
13 378
4 757
21 335
18 660
14 509
45 96
37 860
15 187
6 800
32 219
28 572
42 829
35 204
23 200
27 33
17 782
4 225
47 30
9 845
17 76
50 450
22 568
1 552
11 283
18 422
8 125
28 124
31 450
35 671
16 304
35 592
38 826
25 350
42 304
13 983
43 373
21 187
19 616
25 249
21 555
45 768
10 343
4 976
35 414
30 878
27 808
16 804
8 55
3 734
40 490
29 686
24 710
43 976
20 736
50 671
44 60
9 942
41 1
1 768
27 139
43 641
1 552
42 971
15 980
24 898
10 869
47 576
13 855
26 386
9 448
41 816
20 485
12 593
38 508
26 293
1 384
1 897
36 913
26 471
37 361
22 315
18 359
32 87
35 936
42 944
13 249
32 214
41 870
7 696
30 327
48 294
26 781
24 205
4 97
41 439
41 726
10 840
47 538
1 162
9 97
47 2
49 258
12 464
29 368
50 963
47 698
2 771
9 579
36 245
28 411
3 355
46 628
31 233
25 565
38 217
7 667
42 960
11 307
18 383
24 98
32 75
35 677
11 932
14 553
28 66
3 988
32 492
12 977
27 975
42 681
16 725
29 397
15 739
22 45
14 73
12 980
32 398
41 129
29 170
45 231
36 202
43 445
19 48
15 896
48 361
41 876
27 101
9 983
2 505
25 470
2 304
28 366
32 294
15 884
50 684
25 405
13 127
50 335
41 297
50 846
41 399
31 104
3 433
40 49
24 164
10 696
28 347
40 984
38 914
20 48
13 570
29 300
12 385
40 769
24 86
22 477
15 17
50 316
41 41
29 396
4 900
37 923
11 803
23 219
38 483
47 949
24 725
49 298
5 910
39 596
50 280
13 595
21 103
8 553
50 53
32 431
20 295
16 957
12 14
18 414
13 807
24 153
44 707
11 834
34 112
7 198
22 534
37 243
38 18
3 389
27 966
29 530
31 863
50 248
15 782
17 313
46 640
7 966
44 742
50 393
8 334
38 545
23 608
45 730
17 441
45 2
21 643
3 46
10 443
44 115
31 162
32 5
26 797
27 139
32 197
48 696
38 752
31 844
19 398
12 858
35 468
26 80
15 805
21 361
42 676
18 678
31 763
1 912
41 727
46 368
10 681
23 632
16 862
45 336
12 16
4 329
30 388
15 77
36 930
5 821
34 240
47 249
45 759
9 788
17 836
8 886
25 40
31 296
22 289
48 899
49 303
29 394
19 184
6 827
20 852
38 849
33 585
44 541
47 808
31 569
47 22
33 196
15 692
22 481
25 480
40 311
19 546
4 786
16 736
23 248
22 674
35 54
11 230
31 849
21 69
17 93
45 44
21 322
47 29
16 257
50 155
42 979
46 849
30 75
15 732
37 183
38 948
13 538
41 735
38 933
46 350
38 306
38 111
36 896
48 57
10 130
5 203
17 423
50 829
32 819
1 68
49 165
38 627
23 199
33 29
45 426
43 172
43 559
10 917
3 910
17 426
1 27
24 118
33 260
42 780
39 869
37 633
17 396
23 70
28 101
4 983
37 854
46 478
48 340
18 640
44 437
27 695
37 452
30 454
28 833
45 464
8 70
15 570
13 587
26 349
36 570
24 933
31 723
30 508
9 34
7 151
26 884
7 448
18 302
23 898
47 958
37 881
10 32
7 591
14 466
31 752
24 832
3 423
25 577
34 214
40 703
16 587
28 51
12 805
15 272
8 987
1 787
40 389
11 577
46 97
7 985
37 215
10 822
30 910
14 998
32 965
42 877
8 482
24 563
42 671
50 722
2 680
4 801
7 726
13 315
37 135
30 945
10 611
42 908
32 409
26 268
18 80
40 812
2 766
24 963
25 85
46 548
11 673
42 271
39 723
39 414
30 665
6 689
44 843
45 842
44 72
21 130
50 727
19 986
4 886
23 107
40 287
14 159
45 374
24 917
34 436
32 904
39 295
9 881
28 512
48 265
4 187
13 840
39 682
25 89
19 851
49 467
33 829
28 545
4 551
27 491
46 10
40 835
31 473
41 977
19 648
31 16
20 875
32 686
46 690
46 296
28 99
10 356
49 320
4 756
34 293
45 578
32 403
46 414
33 272
11 274
20 285
13 367
46 582
44 645
37 358
35 303
37 968
34 516
27 871
11 880
45 271
18 561
45 305
38 674
43 347
20 155
18 390
40 478
11 318
38 316
3 766
24 615
26 257
27 877
27 330
42 227
41 709
17 472
11 115
12 141
48 243
10 132
38 651
46 790
4 467
18 707
33 258
38 686
40 607
31 159
47 393
5 631
7 735
1 839
34 402
37 721
20 214
15 373
35 485
31 526
41 299
39 755
43 435
5 358
15 224
15 952
50 533
42 91
32 830
18 615
39 437
10 557
41 638
43 231
9 699
43 54
43 544
1 154
11 520
35 47
45 510
39 58
27 589
22 807
20 633
6 942
49 780
3 466
28 698
48 393
37 165
8 727
2 425
4 802
47 945
44 959
20 464
12 612
24 265
19 804
39 8
50 158
6 599
30 766
32 762
20 379
49 219
15 367
30 791
16 307
40 974
16 104
4 535
47 510
45 514
46 665
40 548
20 359
28 302
50 187
23 463
18 757
9 509
24 968
9 528
49 371
35 936
11 569
35 537
40 873
6 142
36 374
50 843
35 951
30 858
20 888
43 815
26 208
46 996
23 409
29 990
41 348
24 142
2 690
8 136
7 683
2 767
50 563
35 975
26 104
43 130
26 366
11 700
8 747
23 887
3 171
42 792
21 485
4 376
7 748
27 955
17 831
28 740
5 449
19 120
11 409
35 462
6 211
36 62
37 846
4 191
37 181
17 198
31 110
8 982
19 109
47 627
15 18
43 790
32 855
1 372
18 219
14 95
33 137
16 91
26 706
28 666
3 703
40 465
7 719
26 273
1 383
3 150
31 317
47 675
44 21
23 29
24 252
15 140
50 967
13 477
35 861
7 666
50 737
39 456
40 993
18 695
27 794
17 478
33 41
46 677
29 515
28 842
16 454
49 853
47 902
15 587
6 609
47 926
30 763
13 323
1 523
48 779
49 308
17 362
25 573
5 436
7 745
9 971
40 968
24 450
14 932
32 293
10 773
47 838
19 254
43 122
38 509
13 658
13 823
3 443
42 649
12 30
45 216
4 784
6 490
22 443
40 651
8 84
42 458
22 907
29 425
15 6
36 720
48 654
50 866
40 367
33 334
26 829
46 351
7 922
17 677
50 873
30 274
13 118
30 286
11 676
4 628
42 237
38 514
45 253
11 541
11 160
43 219
50 960
10 335
31 800
40 848
45 115
2 50
42 181
13 547
16 705
44 391
23 650
32 837
33 153
42 761
31 437
30 984
40 559
3 502
39 10
41 987
27 681
12 617
48 857
9 784
23 298
28 715
26 658
36 577
17 266
34 660
34 239
16 653
10 186
42 182
3 841
50 806
20 940
17 737
5 376
50 630
26 407
44 967
43 406
22 172
25 246
46 256
6 813
22 747
17 290
43 262
13 451
20 986
3 186
4 617
10 924
1 27
46 257
48 43
30 847
45 368
11 735
44 924
40 294
28 216
8 414
35 190
14 778
50 446
13 429
41 650
43 292
1 193
18 695
49 584
40 324
16 340
7 284
16 713
48 245
5 622
25 758
29 871
29 589
24 522
28 61
32 186
40 392
36 735
4 906
22 524
40 30
47 408
30 446
14 470
19 47
28 93
6 890
33 720
30 469
14 422
40 952
20 67
48 505
16 422
50 400
23 457
10 475
13 748
5 163
41 507
4 630
17 419
1 659
45 129
49 185
15 147
44 248
22 372
36 85
42 76
15 235
19 894
19 285
9 985
36 557
10 944
19 192
4 698
5 496
44 466
35 497
40 976
13 980
22 678
20 974
47 795
46 106
48 116
25 19
47 486
28 475
26 461
40 888
7 457
41 913
45 452
47 765
17 117
15 876
22 279
32 316
12 147
43 917
6 849
32 261
33 251
24 566
3 99
31 731
13 696
36 398
48 253
17 613
2 730
36 192
5 665
47 653
19 106
3 253
13 703
49 108
43 889
44 532
17 33
3 155
19 104
38 680
15 327
35 746
44 144
45 833
20 571
46 595
26 994
46 393
23 102
15 647
16 479
20 759
29 935
43 630
42 439
47 526
47 474
16 451
50 141
47 86
17 590
9 501
27 913
22 393
50 116
19 526
21 212
2 390
1 494
23 439
14 776
20 960
6 644
32 712
38 572
44 799
19 392
10 883
15 554
16 717
41 995
23 249
46 379
11 298
34 133
32 779
33 280
5 463
26 375
43 473
38 834
26 125
50 811
16 22
29 626
33 109
10 26
23 777
24 185
32 553
12 580
13 772
6 392
21 321
43 202
33 15
9 256
18 255
18 950
28 749
7 475
6 82
1 329
1 125
25 992
21 397
39 931
32 184
23 185
37 784
17 606
34 41
38 151
5 245
32 842
36 480
23 844
13 891
15 664
16 861
