500 500
3 3 4 3 3 2 3 1 3 4 5 4 3 3 3 4 3 2 3 1 5 2 1 4 3 2 4 4 3 2 4 1 4 5 3 2 4 4 4 2 4 4 2 1 4 3 1 3 4 5 2 2 2 4 5 2 5 5 4 4 5 1 2 1 1 3 2 3 4 1 4 4 4 1 2 2 4 2 5 4 5 1 1 5 5 2 1 4 4 5 4 5 1 2 1 4 3 4 1 1 1 2 4 4 3 1 1 5 5 3 5 5 4 5 2 2 2 5 3 1 1 1 1 2 3 2 2 3 2 3 1 5 2 3 1 2 3 4 2 3 2 1 5 5 3 4 3 1 3 3 2 3 2 2 4 1 5 5 1 2 4 2 2 5 5 4 4 4 2 2 1 3 2 1 4 5 1 2 3 5 5 4 2 5 5 4 4 5 1 5 5 1 1 2 4 3 5 4 5 3 2 3 5 4 2 4 4 4 4 2 5 4 4 2 5 3 3 1 3 4 5 5 2 5 1 3 2 1 4 4 3 1 5 4 1 4 1 4 5 3 3 5 3 1 5 4 4 1 2 1 4 2 3 5 4 2 4 1 5 5 4 1 1 3 3 3 1 1 3 3 2 1 1 2 5 4 3 5 4 5 3 2 4 2 3 1 1 3 5 4 3 3 5 4 2 1 1 3 1 5 4 3 4 5 5 2 4 4 1 4 1 1 2 1 2 5 3 5 4 4 2 2 3 2 3 3 2 5 3 1 2 2 2 4 3 1 2 3 2 1 1 4 3 2 4 1 4 1 2 2 2 4 3 5 4 5 1 2 2 3 5 4 3 2 2 1 5 2 1 5 5 1 3 2 5 4 4 2 1 3 4 4 2 5 5 1 1 1 2 5 4 4 5 1 4 4 4 1 3 2 5 1 4 2 4 3 3 3 3 3 1 3 2 3 1 2 3 1 2 5 5 4 1 5 1 4 4 1 5 4 5 1 3 5 1 5 5 2 3 4 3 3 1 4 3 1 4 1 3 2 1 3 2 5 1 2 3 5 4 5 2 3 4 3 4 5 5 4 2 4 4 1 5 1 1 3 5 4 5 4 5 2 5 5 5 2 3 5 4 4 3 3 1 2 4 1 2 5 3 4 500
449 102
372 40
437 140
380 135
256 262
352 54
95 292
318 342
368 449
123 343
479 143
164 440
316 35
364 216
418 290
408 186
108 185
156 278
414 475
259 189
136 182
382 177
295 45
237 443
202 340
16 387
75 98
328 212
340 247
352 377
246 256
437 429
477 137
242 200
461 78
80 20
319 273
319 437
370 106
403 384
335 172
56 92
477 218
126 312
21 247
478 343
148 245
71 181
124 377
146 39
211 198
251 306
180 326
186 184
411 448
346 398
301 204
137 185
106 130
410 153
273 363
246 465
384 299
28 493
330 174
197 250
475 278
392 413
263 122
231 84
463 478
132 80
46 225
325 270
109 226
9 134
252 51
8 335
299 313
23 493
465 190
278 41
441 6
496 461
96 119
34 177
33 300
52 443
369 430
303 343
430 398
253 112
252 96
309 21
276 355
88 297
411 419
121 80
229 18
326 204
280 467
128 153
300 7
231 109
322 442
147 141
262 14
412 29
227 109
135 36
483 182
208 490
104 220
294 272
276 463
394 88
490 133
140 234
71 93
19 320
389 332
281 343
144 179
146 163
384 370
4 211
84 233
38 331
182 137
354 240
313 423
448 80
390 106
14 235
255 56
362 315
147 97
354 485
304 464
45 289
463 332
488 230
4 192
370 336
247 139
267 332
412 108
289 16
340 136
342 208
446 187
472 30
111 255
73 127
134 29
271 364
129 1
241 165
25 391
468 229
426 5
179 181
233 442
96 156
345 441
253 106
99 143
111 54
277 325
314 306
250 379
83 274
272 23
389 453
9 266
469 195
472 411
198 301
353 435
185 477
172 128
134 8
98 426
153 134
294 271
490 340
17 172
157 465
490 114
279 349
216 122
67 1
311 349
38 470
411 161
436 310
309 282
409 426
135 30
269 378
256 109
464 439
398 474
58 396
167 164
39 497
356 74
180 63
261 12
101 24
131 31
450 311
120 61
46 380
107 450
475 258
17 224
336 399
185 456
21 256
313 415
50 137
219 439
388 418
413 218
122 201
249 326
438 313
374 191
482 274
313 183
59 326
168 435
74 98
187 199
34 167
458 298
211 74
444 363
45 172
291 245
106 427
258 152
360 491
150 139
260 169
265 59
362 255
474 14
478 382
491 230
341 51
481 429
410 179
187 180
153 3
176 353
239 241
205 303
296 213
428 254
48 360
171 392
79 248
386 430
309 390
113 157
10 371
38 185
455 200
57 341
439 438
431 4
171 175
378 142
283 263
16 390
170 487
160 53
490 94
360 365
158 291
121 400
66 352
26 88
387 90
21 266
476 446
68 68
177 29
269 450
264 397
187 477
215 351
471 367
188 235
328 209
153 207
23 255
40 368
484 288
88 211
323 324
202 153
215 324
466 76
203 45
411 452
208 21
326 387
328 353
251 89
102 301
119 324
32 343
408 133
96 429
24 489
199 233
215 69
273 432
120 3
311 373
48 379
171 130
87 103
88 186
385 43
371 90
362 301
415 175
199 218
258 245
479 47
58 251
194 49
185 165
457 278
381 297
160 390
288 6
163 143
385 437
289 25
426 318
332 50
320 331
124 179
382 318
123 418
246 458
307 198
39 114
104 26
133 229
198 466
108 311
176 263
1 3
140 92
63 443
389 272
340 256
203 389
93 127
198 480
106 12
335 371
447 103
21 237
412 234
478 125
282 352
92 220
463 318
40 195
247 353
291 174
321 232
140 427
10 276
203 167
47 31
337 423
130 356
97 121
369 467
84 305
214 482
178 309
192 73
251 126
88 454
12 488
173 261
291 209
417 294
26 226
478 490
449 445
474 466
255 13
240 200
5 374
244 179
411 338
106 244
381 481
288 456
199 430
16 150
333 443
211 283
244 270
436 145
163 390
314 372
187 350
1 309
456 218
25 161
1 272
351 179
368 104
378 434
136 121
440 40
241 366
311 229
448 409
48 313
316 252
143 46
21 287
237 375
417 403
176 155
258 250
151 315
2 308
179 52
467 192
319 158
411 481
253 128
46 461
215 197
190 34
102 312
74 188
455 449
60 408
149 338
121 324
472 235
82 316
114 138
229 259
312 104
324 240
137 346
354 193
319 461
439 388
172 230
17 185
399 211
170 481
56 32
251 402
128 31
412 376
231 45
417 438
283 406
463 499
311 113
216 2
498 169
279 322
328 213
222 22
481 289
206 159
302 39
343 48
422 39
336 161
130 192
167 145
257 32
360 395
24 292
33 134
447 425
444 189
443 88
101 412
290 408
168 192
